ANTH 200 001, 3.13
ANTH 200 002, 1.89
ANTH 201 001, 2.10
ANTH 203 001, 3.22
ANTH 205 001, 2.34
ANTH 300 001, 2.89
ANTH 301 001, 2.85
ANTH 312 001, 3.07
ANTH 313 001, 2.89
ANTH 319 001, 3.33
ANTH 343 001, 1.85
ANTH 348 001, 3.33
ANTH 395 001, 3.33
ANTH 407 001, 4.25
ANTH 446 001, 3.00
ANTH 490 005, 3.50
ANTH 500 001, 3.00
ANTH 501 001, 2.67
ANTH 512 001, 4.00
ANTH 513 001, 3.17
ANTH 600 002, 3.00
ANTH 600 003, 3.00
ANTH 601 001, 3.00
ANTH 616 001, 3.43
ANTH 646 001, 3.00
ANTH 800 001, 3.80
ARAB 101 001, 4.36
ARAB 201 001, 3.70
ARAB 301 001, 3.33
ARCH 101 001, 3.85
ARCH 101 001, 3.85
ARCH 201 001, 5.00
ARCH 201 002, 5.00
ARCH 207 001, 3.21
ARCH 225 001, 3.15
ARCH 225 001, 3.15
ARCH 301 001, 4.57
ARCH 301 002, 4.00
ARCH 307 001, 2.83
ARCH 307 001, 2.83
ARCH 311 001, 2.13
ARCH 313 001, 2.13
ARCH 314 001, 3.00
ARCH 323 002, 3.80
ARCH 327 001, 2.83
ARCH 327 001, 2.83
ARCH 332 001, 3.50
ARCH 344 001, 2.00
ARCH 353 001, 2.86
ARCH 366 001, 2.73
ARCH 366 001, 2.73
ARCH 377 001, 3.33
ARCH 401 001, 4.55
ARCH 401 002, 5.00
ARCH 403 001, 3.27
ARCH 403 002, 3.13
ARCH 412 002, 3.67
ARCH 423 001, 2.40
ARCH 431 001, 2.00
ARCH 433 001, 3.43
ARCH 455 002, 2.29
ARCH 500 001, 3.43
ARCH 501 001, 4.30
ARCH 503 001, 4.17
ARCH 503 002, 3.75
ARCH 507 001, 2.82
ARCH 514 001, 2.89
ARCH 523 001, 3.75
ARCH 523 002, 3.00
ARCH 523 003, 3.00
ARCH 525 001, 3.00
ARCH 525 001, 3.00
ARCH 533 001, 4.13
ARCH 601 001, 4.29
ARCH 601 002, 4.43
ARCH 601 003, 4.13
ARCH 601 004, 3.33
ARCH 607 001, 2.67
ARCH 607 001, 2.67
ARCH 610 001, 3.00
ARCH 611 001, 3.67
ARCH 612 001, 3.71
ARCH 612 002, 3.50
ARCH 620 001, 3.00
ARCH 623 001, 2.75
ARCH 631 001, 1.89
ARCH 633 001, 3.20
ARCH 644 001, 2.50
ARCH 646 001, 4.06
ARCH 653 001, 2.67
ARCH 673 001, 3.00
ARCH 691 001, 3.00
ARCH 691 001, 3.00
ARCH 693 001, 3.00
ARCH 703 001, 4.71
ARCH 711 001, 3.00
ARCR 515 001, 3.00
ARTS 103 001, 3.25
ARTS 103 001, 3.25
ARTS 225 001, 2.54
ARTS 225 002, 2.64
ARTS 225 003, 3.00
ARTS 262 001, 2.20
ARTS 280 001, 2.00
ARTS 301 001, 3.00
ARTS 311 001, 4.00
ARTS 322 001, 4.38
ARTS 327 001, 3.92
ARTS 365 001, 3.20
ARTS 382 001, 2.33
ARTS 386 001, 2.89
ARTS 388 001, 3.00
ARTS 396 001, 3.00
ARTS 499 001, 3.13
ASIA 211 001, 3.00
ASIA 211 001, 3.00
ASIA 211 001, 3.00
ASIA 222 001, 3.08
ASIA 230 001, 2.50
ASIA 332 001, 2.27
ASIA 376 001, 3.00
ASIA 376 001, 3.00
ASIA 399 001, 2.22
ASIA 401 001, 4.00
ASTR 100 001, 1.14
ASTR 201 001, 2.70
ASTR 202 001, 2.18
ASTR 221 001, 2.14
ASTR 350 001, 4.13
ASTR 400 001, 1.44
ASTR 403 001, 3.00
ASTR 451 001, 3.75
ASTR 470 001, 2.50
ASTR 500 001, 2.00
BIOC 111 001, 2.73
BIOC 111 001, 2.73
BIOC 111 002, 2.67
BIOC 111 002, 2.67
BIOC 111 003, 2.73
BIOC 111 003, 2.73
BIOC 111 004, 2.86
BIOC 111 004, 2.86
BIOC 115 001, 2.25
BIOC 115 002, 2.43
BIOC 115 003, 2.33
BIOC 115 004, 1.86
BIOC 115 005, 2.25
BIOC 115 006, 2.13
BIOC 122 001, 2.32
BIOC 201 001, 3.65
BIOC 211 001, 3.74
BIOC 211 001, 3.74
BIOC 211 002, 3.60
BIOC 211 002, 3.60
BIOC 211 003, 3.95
BIOC 211 003, 3.95
BIOC 211 004, 3.79
BIOC 211 004, 3.79
BIOC 215 001, 2.19
BIOC 215 001, 2.19
BIOC 215 001, 2.19
BIOC 301 001, 4.24
BIOC 301 001, 4.24
BIOC 310 001, 3.70
BIOC 310 003, 2.67
BIOC 310 004, 4.00
BIOC 310 005, 3.67
BIOC 310 011, 3.00
BIOC 310 012, 3.80
BIOC 310 014, 3.00
BIOC 310 016, 4.50
BIOC 310 018, 3.50
BIOC 310 019, 3.50
BIOC 310 021, 2.00
BIOC 310 022, 3.50
BIOC 310 027, 3.50
BIOC 310 028, 2.67
BIOC 310 032, 4.00
BIOC 311 001, 3.90
BIOC 311 002, 3.91
BIOC 313 001, 3.36
BIOC 318 001, 3.07
BIOC 331 001, 2.78
BIOC 332 001, 3.45
BIOC 341 001, 4.05
BIOC 364 001, 1.33
BIOC 372 001, 3.28
BIOC 385 001, 3.37
BIOC 401 001, 3.89
BIOC 415 001, 3.30
BIOC 425 001, 3.00
BIOC 445 001, 3.57
BIOC 450 001, 4.00
BIOC 450 001, 4.00
BIOC 481 001, 2.00
BIOC 525 001, 3.00
BIOC 545 001, 2.00
BIOC 551 001, 4.00
BIOC 573 001, 4.50
BIOC 575 001, 2.40
BIOC 580 001, 2.92
BIOC 581 001, 1.83
BIOC 583 001, 4.40
BIOC 583 001, 4.40
BIOC 583 001, 4.40
BIOC 585 001, 3.75
BIOC 589 001, 1.67
BIOC 593 001, 1.50
BIOC 593 001, 1.50
BIOC 599 001, 3.50
BIOC 599 001, 3.50
BIOC 701 001, 3.80
BIOC 702 001, 3.60
BIOE 252 001, 4.88
BIOE 321 001, 2.74
BIOE 322 001, 3.45
BIOE 370 001, 3.43
BIOE 370 001, 3.43
BIOE 383 001, 3.23
BIOE 385 001, 4.59
BIOE 385 002, 4.36
BIOE 385 003, 4.53
BIOE 400 001, 3.14
BIOE 401 001, 3.08
BIOE 408 001, 3.00
BIOE 420 001, 3.79
BIOE 431 001, 3.33
BIOE 440 001, 3.00
BIOE 442 001, 4.00
BIOE 443 001, 3.63
BIOE 443 004, 3.50
BIOE 444 001, 4.00
BIOE 444 002, 4.00
BIOE 444 003, 3.75
BIOE 445 001, 4.15
BIOE 447 001, 3.67
BIOE 451 001, 4.63
BIOE 454 001, 3.14
BIOE 481 001, 3.71
BIOE 485 002, 2.14
BIOE 490 001, 4.33
BIOE 500 001, 3.43
BIOE 507 001, 3.00
BIOE 508 001, 2.70
BIOE 510 001, 1.50
BIOE 548 001, 3.85
BIOE 548 001, 3.85
BIOE 552 001, 4.27
BIOE 554 001, 2.90
BIOE 561 002, 1.95
BIOE 561 002, 1.95
BIOE 579 001, 2.67
BIOE 580 001, 2.92
BIOE 587 002, 2.58
BIOE 589 001, 1.67
BIOE 615 001, 2.78
BIOE 631 001, 3.58
BIOE 698 001, 1.78
BUSI 296 001, 2.56
BUSI 296 002, 2.65
BUSI 310 001, 2.28
BUSI 310 002, 2.00
BUSI 343 001, 3.00
BUSI 521 001, 4.50
BUSI 523 001, 5.00
BUSI 540 001, 4.00
BUSI 549 001, 3.00
BUSI 801 001, 5.00
CAAM 210 001, 3.52
CAAM 210 002, 3.18
CAAM 211 001, 2.88
CAAM 211 002, 2.25
CAAM 335 001, 3.83
CAAM 335 002, 3.42
CAAM 336 001, 3.78
CAAM 336 002, 3.86
CAAM 378 001, 3.38
CAAM 401 001, 3.44
CAAM 415 001, 3.69
CAAM 415 001, 3.69
CAAM 420 001, 3.45
CAAM 423 001, 3.23
CAAM 453 001, 3.75
CAAM 453 001, 3.75
CAAM 474 001, 4.00
CAAM 480 001, 2.58
CAAM 480 001, 2.58
CAAM 495 001, 3.14
CAAM 495 001, 3.14
CAAM 499 001, 1.69
CAAM 499 007, 1.67
CAAM 501 001, 2.50
CAAM 508 001, 3.86
CAAM 552 002, 2.57
CAAM 553 001, 3.67
CAAM 560 001, 3.25
CAAM 563 001, 3.30
CAAM 581 001, 3.33
CAAM 583 001, 3.42
CAAM 654 001, 2.50
CAAM 699 006, 1.67
CAAM 699 006, 1.67
CAAM 699 007, 2.33
CEVE 101 001, 2.28
CEVE 211 001, 3.08
CEVE 302 001, 1.53
CEVE 310 001, 2.95
CEVE 320 001, 2.13
CEVE 363 001, 3.40
CEVE 401 002, 4.52
CEVE 407 001, 2.17
CEVE 408 001, 2.17
CEVE 411 001, 3.25
CEVE 418 001, 3.25
CEVE 420 001, 2.88
CEVE 434 002, 3.00
CEVE 454 001, 3.14
CEVE 470 001, 3.67
CEVE 476 001, 4.50
CEVE 479 001, 2.47
CEVE 481 002, 2.81
CEVE 484 001, 2.67
CEVE 492 001, 3.00
CEVE 499 004, 2.25
CEVE 499 005, 1.00
CEVE 499 006, 2.75
CEVE 499 006, 2.75
CEVE 501 001, 4.29
CEVE 502 001, 1.67
CEVE 503 001, 3.88
CEVE 505 001, 3.00
CEVE 510 001, 3.50
CEVE 511 001, 3.64
CEVE 520 001, 2.64
CEVE 530 001, 3.43
CEVE 534 002, 4.30
CEVE 554 001, 2.90
CEVE 576 001, 3.43
CEVE 592 001, 4.20
CEVE 601 001, 2.14
CEVE 635 001, 1.80
CEVE 678 001, 2.73
CEVE 684 001, 3.40
CHBE 301 001, 4.29
CHBE 303 001, 3.75
CHBE 390 001, 3.48
CHBE 401 001, 3.43
CHBE 403 001, 4.92
CHBE 411 001, 4.05
CHBE 420 001, 3.79
CHBE 443 001, 3.74
CHBE 470 001, 3.36
CHBE 500 001, 2.82
CHBE 501 001, 3.42
CHBE 580 001, 2.92
CHBE 611 001, 3.37
CHBE 661 001, 2.04
CHBE 800 001, 2.79
CHEM 110 001, 1.00
CHEM 121 001, 3.58
CHEM 121 002, 3.60
CHEM 121 003, 3.52
CHEM 123 010, 3.08
CHEM 123 011, 3.07
CHEM 123 012, 3.13
CHEM 123 013, 2.93
CHEM 123 014, 2.95
CHEM 123 015, 2.88
CHEM 123 016, 3.09
CHEM 123 017, 2.80
CHEM 123 020, 3.00
CHEM 151 002, 3.32
CHEM 151 002, 3.32
CHEM 153 002, 3.21
CHEM 211 001, 4.23
CHEM 211 002, 4.37
CHEM 212 001, 4.11
CHEM 215 001, 3.03
CHEM 217 002, 2.37
CHEM 231 001, 1.85
CHEM 231 001, 1.85
CHEM 310 001, 3.68
CHEM 374 002, 2.23
CHEM 381 001, 2.80
CHEM 384 002, 2.33
CHEM 401 001, 2.75
CHEM 415 001, 3.40
CHEM 430 001, 4.07
CHEM 442 001, 2.61
CHEM 450 001, 2.18
CHEM 450 001, 2.18
CHEM 491 001, 3.17
CHEM 491 001, 3.17
CHEM 491 012, 3.33
CHEM 491 012, 3.33
CHEM 491 013, 3.00
CHEM 491 013, 3.00
CHEM 491 022, 3.00
CHEM 491 022, 3.00
CHEM 491 026, 3.50
CHEM 491 026, 3.50
CHEM 491 029, 3.00
CHEM 491 029, 3.00
CHEM 491 040, 2.67
CHEM 491 040, 2.67
CHEM 491 042, 3.50
CHEM 491 042, 3.50
CHEM 491 043, 2.75
CHEM 491 043, 2.75
CHEM 495 001, 3.23
CHEM 547 001, 2.70
CHEM 600 001, 2.52
CHEM 600 002, 2.75
CHEM 600 003, 1.50
CHEM 600 004, 2.26
CHEM 700 001, 2.73
CHEM 700 001, 2.73
CHEM 800 001, 2.97
CHIN 101 001, 3.50
CHIN 101 002, 3.20
CHIN 101 003, 3.18
CHIN 101 004, 3.64
CHIN 131 001, 3.00
CHIN 131 002, 3.56
CHIN 131 003, 3.38
CHIN 131 004, 3.29
CHIN 201 001, 4.31
CHIN 201 002, 4.08
CHIN 211 001, 3.00
CHIN 211 002, 3.40
CHIN 231 001, 4.10
CHIN 231 002, 3.60
CHIN 301 001, 4.41
CHIN 311 001, 3.53
CHIN 332 001, 2.27
CHIN 411 001, 4.14
CLAS 102 001, 2.38
CLAS 102 001, 2.38
CLAS 102 001, 2.38
CLAS 102 002, 2.67
CLAS 102 002, 2.67
CLAS 102 002, 2.67
CLAS 102 003, 2.43
CLAS 102 003, 2.43
CLAS 102 003, 2.43
CLAS 102 004, 3.13
CLAS 102 004, 3.13
CLAS 102 004, 3.13
CLAS 107 001, 2.39
CLAS 201 001, 2.57
CLAS 493 002, 4.00
COLL 101 001, 1.56
COLL 125 001, 1.27
COLL 125 001, 1.27
COLL 150 001, 1.00
COLL 151 001, 1.22
COLL 154 001, 2.00
COLL 154 001, 2.00
COLL 154 001, 2.00
COLL 172 001, 1.00
COLL 173 001, 2.20
COLL 175 001, 1.80
COLL 176 001, 1.18
COLL 177 001, 1.33
COLL 178 001, 1.33
COLL 179 001, 1.42
COLL 181 001, 1.92
COLL 182 001, 1.53
COLL 183 002, 1.80
COLL 184 002, 1.62
COLL 185 001, 1.85
COLL 186 001, 1.00
COLL 200 002, 2.75
COLL 200 003, 3.50
COLL 200 005, 4.50
COLL 200 009, 1.50
COLL 200 010, 0.00
COLL 200 011, 3.00
COLL 200 012, 3.00
COLL 201 001, 4.53
COLL 202 001, 1.43
COLL 207 001, 4.00
COLL 207 001, 4.00
COLL 299 001, 1.14
COMM 103 001, 2.58
COMM 103 002, 3.55
COMM 103 003, 2.60
COMM 103 004, 2.85
COMM 103 005, 3.25
COMM 103 006, 3.08
COMM 103 007, 2.63
COMM 103 008, 3.00
COMM 103 009, 3.80
COMP 100 001, 2.72
COMP 140 A01, 3.59
COMP 140 A02, 3.59
COMP 140 A03, 3.59
COMP 160 001, 2.95
COMP 160 001, 2.95
COMP 160 001, 2.95
COMP 162 001, 2.47
COMP 215 001, 3.61
COMP 310 001, 3.57
COMP 310 002, 3.57
COMP 310 003, 3.57
COMP 326 001, 2.69
COMP 360 001, 4.00
COMP 370 001, 2.69
COMP 409 001, 3.86
COMP 410 001, 4.50
COMP 411 001, 4.00
COMP 412 001, 3.24
COMP 425 001, 1.82
COMP 435 001, 2.73
COMP 435 001, 2.73
COMP 446 002, 4.08
COMP 450 001, 3.68
COMP 481 001, 4.21
COMP 507 001, 3.70
COMP 520 001, 2.79
COMP 522 001, 3.67
COMP 524 001, 3.00
COMP 527 001, 3.13
COMP 529 001, 3.00
COMP 560 001, 4.46
COMP 600 001, 1.70
COMP 601 001, 2.00
COMP 602 001, 4.00
COMP 651 001, 1.00
COMP 693 002, 2.00
COMP 693 002, 2.00
CSCI 390 001, 2.33
CSCI 481 001, 4.00
EBIO 204 001, 1.78
EBIO 213 001, 4.00
EBIO 213 002, 3.45
EBIO 213 003, 4.10
EBIO 215 001, 3.00
EBIO 306 004, 3.67
EBIO 306 011, 2.75
EBIO 306 012, 3.00
EBIO 323 001, 2.84
EBIO 326 001, 3.05
EBIO 327 001, 4.00
EBIO 330 001, 2.71
EBIO 331 001, 2.78
EBIO 333 001, 2.69
EBIO 335 001, 1.75
EBIO 338 001, 2.75
EBIO 340 001, 3.63
EBIO 412 001, 4.12
EBIO 541 002, 2.50
EBIO 541 004, 2.00
EBIO 541 013, 3.00
EBIO 541 014, 1.60
EBIO 561 001, 3.00
EBIO 561 001, 3.00
EBIO 563 001, 3.75
EBIO 569 001, 3.00
EBIO 569 001, 3.00
EBIO 585 001, 2.50
EBIO 591 001, 3.25
EBIO 801 001, 4.00
EBIO 801 003, 3.50
EBIO 801 004, 3.00
EBIO 801 008, 2.00
EBIO 801 009, 3.00
ECON 201 002, 3.10
ECON 201 003, 2.96
ECON 205 001, 2.65
ECON 243 001, 3.72
ECON 301 001, 2.60
ECON 301 002, 3.27
ECON 303 001, 2.50
ECON 303 002, 2.80
ECON 307 001, 3.57
ECON 309 001, 3.34
ECON 401 001, 3.02
ECON 421 001, 2.80
ECON 437 001, 3.36
ECON 439 001, 2.83
ECON 455 001, 1.67
ECON 460 001, 3.12
ECON 480 001, 3.40
ECON 481 001, 2.19
ECON 483 001, 3.31
ECON 501 001, 3.36
ECON 502 001, 2.43
ECON 504 001, 2.88
ECON 507 001, 4.71
ECON 509 001, 3.33
ECON 511 001, 3.38
ECON 516 001, 3.33
ECON 516 001, 3.33
ECON 593 001, 1.00
ECON 593 002, 2.00
ECON 593 003, 2.00
ECON 593 004, 2.00
ECON 800 001, 3.60
ECON 800 002, 2.50
ECON 800 003, 3.50
ECON 800 004, 3.00
ECON 800 005, 2.00
EDUC 202 001, 2.50
EDUC 301 001, 2.50
EDUC 305 001, 2.13
EDUC 310 001, 1.92
EDUC 330 001, 3.17
EDUC 411 001, 2.75
EDUC 413 001, 2.00
EDUC 415 001, 2.25
EDUC 416 001, 2.00
EDUC 480 001, 2.58
EDUC 480 001, 2.58
EDUC 491 001, 3.50
EDUC 501 001, 2.33
EDUC 505 001, 3.67
EDUC 540 001, 3.00
ELEC 241 001, 4.56
ELEC 261 001, 3.00
ELEC 301 001, 3.79
ELEC 303 001, 3.67
ELEC 306 001, 3.88
ELEC 326 001, 2.69
ELEC 342 002, 3.87
ELEC 425 001, 1.82
ELEC 435 001, 2.88
ELEC 437 001, 2.90
ELEC 446 002, 4.08
ELEC 450 001, 3.68
ELEC 462 001, 3.13
ELEC 481 001, 3.71
ELEC 485 002, 2.14
ELEC 494 001, 4.53
ELEC 508 001, 3.86
ELEC 520 001, 2.79
ELEC 522 001, 3.80
ELEC 524 001, 3.00
ELEC 529 001, 3.00
ELEC 533 001, 3.42
ELEC 541 001, 3.00
ELEC 548 001, 3.85
ELEC 548 001, 3.85
ELEC 549 001, 3.05
ELEC 563 001, 2.88
ELEC 568 001, 2.21
ELEC 568 001, 2.21
ELEC 571 001, 2.80
ELEC 572 001, 3.80
ELEC 602 001, 4.00
ELEC 603 001, 2.33
ELEC 605 001, 4.00
ELEC 690 001, 2.50
ELEC 693 002, 2.00
ELEC 693 002, 2.00
ELEC 699 001, 1.84
ENGI 120 001, 4.35
ENGI 128 001, 3.29
ENGI 302 001, 1.53
ENGI 315 001, 2.63
ENGI 316 001, 2.50
ENGI 320 001, 2.13
ENGI 330 001, 2.09
ENGI 505 001, 3.00
ENGI 530 001, 1.60
ENGI 600 001, 2.86
ENGI 610 001, 2.94
ENGI 610 001, 2.94
ENGI 610 001, 2.94
ENGL 175 002, 2.17
ENGL 175 003, 2.86
ENGL 200 001, 2.80
ENGL 200 003, 2.73
ENGL 200 004, 2.69
ENGL 201 001, 2.88
ENGL 201 002, 3.09
ENGL 210 001, 2.67
ENGL 222 001, 3.08
ENGL 260 001, 2.25
ENGL 272 001, 2.07
ENGL 273 001, 2.56
ENGL 280 001, 3.22
ENGL 300 001, 3.56
ENGL 300 002, 3.00
ENGL 301 001, 3.33
ENGL 301 002, 3.30
ENGL 304 001, 2.50
ENGL 305 001, 3.57
ENGL 312 001, 2.93
ENGL 316 001, 3.14
ENGL 321 001, 3.50
ENGL 328 001, 2.58
ENGL 353 001, 2.91
ENGL 360 001, 3.38
ENGL 363 001, 2.92
ENGL 364 001, 2.08
ENGL 366 001, 2.78
ENGL 368 001, 4.00
ENGL 373 001, 2.31
ENGL 377 001, 2.60
ENGL 381 001, 3.00
ENGL 387 001, 2.65
ENGL 390 001, 2.85
ENGL 394 001, 2.17
ENGL 397 001, 3.67
ENGL 432 001, 4.38
ENGL 461 001, 3.71
ENGL 498 001, 3.57
ENGL 522 001, 3.67
ENGL 537 001, 3.64
ENGL 569 001, 3.00
ENGL 599 001, 3.14
ENGL 600 001, 3.50
ENGL 605 001, 3.00
ENST 204 001, 1.78
ENST 302 001, 3.52
ENST 302 001, 3.52
ENST 313 001, 2.13
ENST 323 001, 2.84
ENST 340 001, 3.63
ENST 368 001, 4.00
ENST 437 001, 3.36
ENST 480 001, 3.40
ESCI 101 001, 1.93
ESCI 103 001, 1.80
ESCI 107 001, 2.84
ESCI 321 001, 3.54
ESCI 321 001, 3.54
ESCI 322 001, 3.00
ESCI 322 001, 3.00
ESCI 340 001, 3.63
ESCI 405 001, 1.72
ESCI 415 001, 2.29
ESCI 418 001, 3.25
ESCI 419 001, 2.25
ESCI 426 001, 3.93
ESCI 426 001, 3.93
ESCI 426 001, 3.93
ESCI 428 001, 3.33
ESCI 428 002, 4.00
ESCI 430 001, 2.17
ESCI 430 001, 2.17
ESCI 432 001, 3.40
ESCI 440 001, 3.67
ESCI 442 001, 3.38
ESCI 461 001, 3.50
ESCI 461 001, 3.50
ESCI 464 001, 3.33
ESCI 504 001, 2.71
ESCI 508 001, 2.50
ESCI 511 001, 3.00
ESCI 516 001, 2.47
FILM 107 001, 2.25
FILM 280 001, 2.00
FILM 308 001, 2.15
FILM 327 001, 3.92
FILM 373 001, 2.31
FILM 420 001, 3.40
FILM 433 001, 2.07
FOTO 205 001, 2.25
FOTO 205 003, 3.64
FOTO 381 002, 2.33
FOTO 383 001, 2.60
FREN 101 001, 2.57
FREN 101 002, 2.79
FREN 102 001, 2.88
FREN 102 002, 2.89
FREN 201 001, 2.78
FREN 201 003, 2.44
FREN 202 001, 2.83
FREN 301 001, 3.18
FREN 301 002, 3.00
FREN 308 001, 3.00
FREN 311 001, 3.25
FREN 313 001, 2.78
FREN 321 001, 3.50
FREN 495 001, 3.60
FSEM 115 001, 2.25
FSEM 115 002, 2.43
FSEM 115 003, 2.33
FSEM 115 004, 1.86
FSEM 115 005, 2.25
FSEM 115 006, 2.13
FSEM 134 001, 2.00
FSEM 180 001, 3.14
FWIS 100 001, 2.76
FWIS 100 002, 2.93
FWIS 100 003, 2.58
FWIS 100 004, 3.10
FWIS 100 005, 3.00
FWIS 101 001, 3.40
FWIS 103 001, 3.47
FWIS 104 001, 3.31
FWIS 104 001, 3.31
FWIS 105 001, 2.53
FWIS 106 001, 2.93
FWIS 107 001, 2.42
FWIS 108 001, 2.57
FWIS 108 002, 2.85
FWIS 109 001, 2.54
FWIS 110 001, 3.31
FWIS 111 001, 3.14
FWIS 112 001, 3.00
FWIS 114 001, 3.33
FWIS 115 001, 2.20
FWIS 116 001, 3.71
FWIS 118 001, 3.43
FWIS 119 001, 3.75
FWIS 120 001, 3.00
FWIS 120 002, 2.80
FWIS 121 001, 3.79
FWIS 121 001, 3.79
FWIS 121 001, 3.79
FWIS 122 001, 3.29
FWIS 125 001, 3.77
FWIS 125 001, 3.77
FWIS 126 001, 3.29
FWIS 130 001, 3.00
FWIS 131 001, 3.36
FWIS 132 001, 2.87
FWIS 133 001, 1.67
FWIS 134 001, 4.00
FWIS 135 001, 3.14
FWIS 136 001, 2.87
FWIS 138 001, 2.86
FWIS 139 001, 2.93
FWIS 140 001, 3.60
FWIS 140 002, 3.00
FWIS 141 001, 2.79
FWIS 142 001, 2.93
FWIS 144 001, 3.15
FWIS 147 001, 3.50
FWIS 154 001, 3.60
FWIS 155 001, 2.50
FWIS 158 001, 3.67
GERM 101 001, 3.60
GERM 101 002, 3.00
GERM 101 003, 3.00
GERM 134 001, 2.00
GERM 201 001, 3.50
GERM 201 002, 3.71
GERM 301 001, 3.25
GERM 305 001, 3.67
GERM 326 001, 1.91
GERM 331 001, 2.89
GERM 332 001, 4.00
GERM 338 001, 2.47
GERM 345 001, 3.31
GERM 425 001, 3.50
GLHT 122 001, 2.32
GLHT 201 001, 3.29
GLHT 201 001, 3.29
GLHT 201 001, 3.29
GLHT 448 001, 3.00
GLHT 451 001, 4.29
GLHT 510 001, 1.50
GREE 101 001, 3.20
GREE 201 001, 3.50
GREE 306 001, 4.00
HART 101 001, 2.38
HART 101 001, 2.38
HART 101 001, 2.38
HART 101 002, 2.67
HART 101 002, 2.67
HART 101 002, 2.67
HART 101 003, 2.43
HART 101 003, 2.43
HART 101 003, 2.43
HART 101 004, 3.13
HART 101 004, 3.13
HART 101 004, 3.13
HART 105 001, 2.23
HART 211 001, 3.00
HART 211 001, 3.00
HART 211 001, 3.00
HART 265 001, 3.33
HART 280 001, 2.00
HART 300 001, 3.50
HART 302 002, 3.80
HART 322 001, 3.50
HART 330 001, 3.17
HART 343 001, 2.89
HART 376 001, 3.00
HART 376 001, 3.00
HART 380 001, 2.31
HART 396 001, 2.73
HART 402 001, 4.00
HART 452 001, 3.17
HART 502 001, 3.25
HART 506 001, 4.06
HART 523 001, 3.75
HART 530 001, 2.75
HART 552 001, 3.00
HART 568 002, 3.00
HART 576 001, 4.00
HART 576 001, 4.00
HART 590 001, 4.00
HEAL 103 001, 1.98
HEAL 222 001, 2.59
HEAL 379 001, 2.75
HEAL 379 002, 3.00
HEAL 407 001, 3.05
HEAL 460 001, 2.63
HEAL 498 001, 2.11
HEAL 499 003, 2.75
HEBR 201 001, 1.50
HEBR 301 001, 1.83
HIND 105 001, 2.55
HIND 201 001, 2.33
HIND 235 001, 2.19
HIND 498 001, 3.50
HIST 101 001, 2.44
HIST 108 001, 2.56
HIST 117 001, 3.03
HIST 125 001, 3.79
HIST 186 001, 2.80
HIST 206 001, 3.00
HIST 206 001, 3.00
HIST 206 001, 3.00
HIST 215 001, 3.20
HIST 226 001, 3.88
HIST 227 001, 2.75
HIST 241 001, 2.75
HIST 279 001, 2.67
HIST 291 001, 2.00
HIST 307 001, 3.42
HIST 315 001, 2.70
HIST 341 001, 3.11
HIST 352 001, 2.00
HIST 355 001, 3.31
HIST 357 001, 3.50
HIST 361 001, 3.33
HIST 366 001, 2.73
HIST 366 001, 2.73
HIST 379 001, 2.67
HIST 381 001, 2.98
HIST 381 001, 2.98
HIST 403 001, 3.88
HIST 415 001, 3.40
HIST 422 001, 2.67
HIST 425 001, 2.17
HIST 431 001, 2.89
HIST 459 001, 4.00
HIST 462 001, 3.80
HIST 494 001, 3.27
HIST 509 001, 3.50
HIST 540 001, 3.17
HIST 563 001, 3.30
HIST 575 001, 2.75
HIST 577 001, 3.00
HIST 578 001, 2.50
HIST 582 001, 3.67
HIST 590 001, 3.43
HIST 800 001, 3.43
HONS 470 001, 2.86
HONS 470 001, 2.86
HUMA 102 001, 3.50
HUMA 107 001, 2.39
HUMA 201 001, 1.82
HUMA 201 002, 1.93
HUMA 210 001, 2.67
HUMA 280 001, 3.94
HUMA 280 002, 3.94
HUMA 295 001, 2.57
HUMA 303 001, 2.36
HUMA 309 001, 2.36
HUMA 310 001, 4.33
HUMA 372 001, 1.91
HUMA 373 001, 2.47
HUMA 421 001, 3.00
HUMA 421 001, 3.00
HURC 101 001, 3.00
HURC 301 001, 2.38
HURC 302 001, 1.83
HURC 302 001, 1.83
HURC 303 001, 1.60
HURC 401 001, 1.17
HURC 401 001, 1.17
HURC 402 001, 1.75
HURC 501 001, 2.50
HURC 502 001, 3.80
HURC 502 001, 3.80
HURC 601 001, 1.33
HURC 601 001, 1.33
HURC 602 001, 3.50
HURC 602 001, 3.50
HURC 603 001, 1.25
ITAL 101 001, 3.11
ITAL 101 002, 3.25
ITAL 131 001, 3.11
ITAL 131 002, 2.75
ITAL 201 002, 2.83
ITAL 231 002, 2.60
JAPA 101 001, 2.45
JAPA 101 002, 3.13
JAPA 201 001, 2.67
KINE 300 001, 2.93
KINE 301 001, 3.48
KINE 302 001, 1.64
KINE 311 001, 1.94
KINE 319 001, 2.17
KINE 325 001, 1.88
KINE 325 002, 2.07
KINE 375 002, 3.00
KINE 495 001, 2.00
KINE 498 001, 2.33
KINE 499 002, 1.67
KINE 499 004, 1.50
KORE 101 001, 2.18
KORE 201 001, 3.00
KORE 302 001, 2.58
LASR 158 001, 2.73
LASR 158 001, 2.73
LATI 101 001, 2.94
LATI 201 001, 3.33
LATI 316 001, 2.86
LEAD 150 001, 2.63
LEAD 150 001, 2.63
LEAD 309 001, 2.80
LEAD 311 001, 2.75
LEAD 311 001, 2.75
LEAD 313 001, 1.72
LEAD 321 001, 3.00
LEAD 321 002, 2.82
LEAD 330 001, 2.04
LING 200 001, 3.13
LING 200 002, 1.89
LING 212 001, 2.13
LING 300 001, 2.89
LING 301 001, 2.85
LING 306 001, 2.57
LING 309 001, 3.47
LING 313 001, 2.89
LING 394 001, 2.17
LING 405 001, 2.61
LING 407 001, 4.25
LING 427 001, 2.86
LING 481 003, 2.00
LING 500 001, 3.00
LING 501 001, 2.67
LING 506 001, 2.80
LING 513 001, 3.17
LING 581 003, 4.00
LING 581 007, 3.00
LING 581 008, 3.33
LING 590 001, 3.00
LING 590 002, 3.33
LING 800 007, 0.00
LING 800 008, 3.00
LING 800 009, 5.00
LPAP 100 001, 1.00
LPAP 107 001, 1.08
LPAP 109 001, 1.37
LPAP 110 001, 1.44
LPAP 115 001, 2.17
LPAP 117 001, 2.07
LPAP 118 001, 1.26
LPAP 118 002, 1.56
LPAP 120 001, 1.63
LPAP 125 001, 1.35
LPAP 125 002, 1.35
LPAP 131 001, 1.41
LPAP 133 001, 2.20
LPAP 134 001, 1.33
LPAP 135 001, 1.83
LPAP 136 001, 1.10
LPAP 137 001, 1.22
LPAP 138 001, 1.60
LPAP 144 001, 1.53
LPAP 155 001, 1.00
LPAP 157 001, 1.44
LPAP 161 001, 1.40
LPAP 164 001, 1.50
LPAP 166 001, 1.50
LPAP 170 001, 1.42
LPAP 170 002, 1.27
LPAP 172 001, 1.29
LPAP 176 001, 1.17
LPAP 178 001, 1.90
LPAP 180 001, 1.60
LPAP 182 001, 1.21
LPAP 183 001, 1.53
LPAP 186 001, 1.21
LPAP 186 002, 1.17
LPAP 187 001, 2.00
LPAP 192 001, 1.71
LPAP 198 001, 1.56
LPCR 200 002, 1.92
MANA 404 001, 2.57
MATH 101 001, 3.00
MATH 101 002, 2.67
MATH 101 004, 2.89
MATH 102 001, 3.43
MATH 102 002, 3.86
MATH 102 003, 3.31
MATH 111 001, 3.12
MATH 211 001, 3.41
MATH 211 002, 3.15
MATH 211 003, 2.33
MATH 211 004, 3.47
MATH 211 005, 2.95
MATH 212 001, 3.36
MATH 212 002, 3.41
MATH 212 003, 3.38
MATH 221 001, 4.38
MATH 300 001, 2.88
MATH 321 001, 2.48
MATH 354 001, 3.21
MATH 355 001, 3.24
MATH 365 001, 2.94
MATH 368 001, 2.50
MATH 371 001, 3.33
MATH 381 001, 2.71
MATH 401 001, 3.50
MATH 423 001, 3.23
MATH 425 001, 3.15
MATH 428 001, 3.50
MATH 444 001, 4.00
MATH 463 001, 3.80
MATH 499 001, 1.67
MATH 499 003, 1.75
MATH 515 001, 2.90
MATH 518 001, 2.83
MATH 522 001, 1.33
MATH 523 001, 2.31
MATH 539 001, 3.00
MATH 542 001, 2.67
MATH 563 001, 3.71
MATH 565 001, 4.50
MATH 590 001, 2.00
MATH 590 001, 2.00
MATH 591 001, 2.00
MATH 591 001, 2.00
MATH 680 001, 2.00
MATH 681 001, 2.67
MATH 681 001, 2.67
MATH 681 001, 2.67
MATH 682 001, 2.33
MATH 683 001, 1.00
MATH 683 001, 1.00
MATH 699 001, 3.67
MATH 699 001, 3.67
MATH 699 003, 3.50
MATH 699 004, 1.00
MATH 800 001, 3.40
MDST 101 001, 2.94
MDST 111 001, 2.38
MDST 111 001, 2.38
MDST 111 001, 2.38
MDST 111 002, 2.67
MDST 111 002, 2.67
MDST 111 002, 2.67
MDST 111 003, 2.43
MDST 111 003, 2.43
MDST 111 003, 2.43
MDST 111 004, 3.13
MDST 111 004, 3.13
MDST 111 004, 3.13
MDST 201 001, 2.57
MDST 211 001, 3.33
MDST 312 001, 2.93
MDST 316 001, 3.14
MDST 330 001, 3.17
MDST 357 001, 3.50
MDST 376 001, 3.00
MDST 376 001, 3.00
MDST 379 001, 2.22
MDST 456 001, 2.00
MECH 211 001, 3.08
MECH 340 001, 1.44
MECH 340 002, 1.13
MECH 340 003, 1.38
MECH 340 004, 1.17
MECH 343 001, 3.79
MECH 371 001, 3.24
MECH 403 001, 2.18
MECH 403 002, 2.10
MECH 403 003, 2.10
MECH 407 001, 4.60
MECH 431 001, 3.40
MECH 431 002, 2.60
MECH 431 003, 2.75
MECH 431 004, 2.17
MECH 431 005, 2.75
MECH 431 006, 3.00
MECH 431 007, 3.33
MECH 431 008, 3.00
MECH 431 009, 3.00
MECH 435 001, 2.88
MECH 450 001, 3.68
MECH 454 001, 3.14
MECH 472 001, 3.44
MECH 490 001, 4.00
MECH 503 002, 3.00
MECH 508 001, 3.86
MECH 520 001, 3.88
MECH 554 001, 2.90
MECH 563 001, 3.30
MECH 573 001, 3.00
MECH 576 001, 3.43
MECH 586 001, 1.67
MECH 593 004, 2.50
MECH 594 001, 1.88
MECH 595 001, 2.00
MECH 606 001, 1.83
MECH 611 001, 3.00
MECH 611 005, 3.40
MECH 678 001, 2.73
MECH 683 001, 3.17
MECH 691 001, 1.80
MLSC 508 001, 3.25
MLSC 517 001, 3.08
MLSC 526 001, 3.50
MLSC 600 001, 4.00
MLSC 623 001, 3.00
MSCI 301 001, 2.51
MSCI 311 001, 4.00
MSCI 402 001, 3.43
MSCI 406 001, 3.00
MSCI 500 001, 1.71
MSCI 501 001, 2.25
MSCI 506 001, 2.83
MSCI 611 001, 2.00
MSCI 611 002, 2.50
MUSI 117 001, 2.19
MUSI 117 002, 1.56
MUSI 141 001, 1.88
MUSI 151 001, 2.00
MUSI 155 001, 3.00
MUSI 157 001, 3.00
MUSI 173 001, 2.33
MUSI 181 002, 2.50
MUSI 181 003, 2.33
MUSI 181 004, 2.50
MUSI 181 005, 2.50
MUSI 181 006, 2.00
MUSI 181 007, 3.00
MUSI 191 001, 2.50
MUSI 191 002, 1.50
MUSI 191 003, 2.50
MUSI 191 004, 2.00
MUSI 195 001, 2.00
MUSI 211 001, 3.05
MUSI 231 001, 3.08
MUSI 231 002, 2.70
MUSI 281 001, 2.75
MUSI 281 002, 2.58
MUSI 281 003, 2.50
MUSI 303 001, 1.14
MUSI 311 001, 2.61
MUSI 317 001, 3.12
MUSI 317 002, 3.06
MUSI 321 001, 3.87
MUSI 327 001, 2.70
MUSI 331 001, 2.15
MUSI 331 002, 2.33
MUSI 334 001, 1.70
MUSI 335 001, 1.54
MUSI 336 001, 3.29
MUSI 337 001, 3.65
MUSI 338 001, 3.00
MUSI 338 002, 4.00
MUSI 338 003, 3.86
MUSI 338 004, 2.50
MUSI 338 005, 3.00
MUSI 338 006, 3.50
MUSI 338 007, 3.00
MUSI 338 008, 4.50
MUSI 338 009, 3.70
MUSI 338 011, 3.33
MUSI 338 013, 3.00
MUSI 338 014, 3.60
MUSI 339 002, 4.50
MUSI 339 003, 4.00
MUSI 339 004, 5.00
MUSI 339 005, 3.00
MUSI 339 007, 3.67
MUSI 340 001, 1.10
MUSI 342 001, 1.58
MUSI 342 002, 1.00
MUSI 345 001, 2.00
MUSI 377 001, 3.75
MUSI 381 001, 3.50
MUSI 381 005, 3.00
MUSI 401 001, 4.50
MUSI 401 002, 3.50
MUSI 401 003, 4.00
MUSI 401 004, 4.00
MUSI 403 001, 3.17
MUSI 407 001, 2.50
MUSI 413 001, 2.43
MUSI 415 001, 1.50
MUSI 416 001, 3.65
MUSI 421 001, 3.33
MUSI 422 001, 4.40
MUSI 431 001, 1.91
MUSI 436 001, 2.00
MUSI 447 001, 2.00
MUSI 449 001, 4.00
MUSI 451 001, 4.50
MUSI 453 001, 5.00
MUSI 455 001, 4.50
MUSI 461 001, 3.00
MUSI 471 001, 4.00
MUSI 472 001, 2.50
MUSI 473 001, 4.00
MUSI 473 002, 3.67
MUSI 481 001, 4.50
MUSI 481 002, 5.00
MUSI 481 003, 0.00
MUSI 481 004, 5.00
MUSI 483 001, 4.00
MUSI 491 001, 3.00
MUSI 491 002, 4.30
MUSI 491 003, 4.50
MUSI 491 004, 4.67
MUSI 493 001, 3.67
MUSI 493 002, 4.83
MUSI 495 001, 5.00
MUSI 495 002, 4.86
MUSI 497 001, 5.00
MUSI 497 002, 3.00
MUSI 501 001, 3.17
MUSI 502 001, 2.14
MUSI 503 001, 2.25
MUSI 507 001, 2.70
MUSI 508 001, 3.50
MUSI 511 001, 3.35
MUSI 513 001, 3.48
MUSI 517 001, 2.73
MUSI 521 001, 3.00
MUSI 523 001, 4.00
MUSI 526 001, 3.40
MUSI 531 001, 2.84
MUSI 531 002, 3.50
MUSI 531 003, 3.50
MUSI 531 004, 4.67
MUSI 531 005, 2.20
MUSI 531 006, 2.64
MUSI 531 006, 2.64
MUSI 531 007, 2.50
MUSI 531 008, 3.00
MUSI 545 001, 3.00
MUSI 551 001, 3.30
MUSI 570 001, 2.29
MUSI 571 001, 2.75
MUSI 571 002, 3.20
MUSI 571 003, 2.80
MUSI 572 001, 3.33
MUSI 573 001, 2.38
MUSI 575 001, 2.43
MUSI 583 001, 3.00
MUSI 585 001, 2.90
MUSI 587 001, 3.00
MUSI 588 001, 3.50
MUSI 601 001, 3.50
MUSI 601 002, 3.00
MUSI 601 003, 4.00
MUSI 603 001, 2.00
MUSI 605 001, 3.50
MUSI 611 001, 3.86
MUSI 614 001, 4.00
MUSI 621 001, 3.80
MUSI 625 001, 3.13
MUSI 635 001, 3.37
MUSI 636 001, 3.33
MUSI 636 002, 2.00
MUSI 636 003, 3.00
MUSI 636 004, 2.75
MUSI 636 005, 2.88
MUSI 636 006, 3.60
MUSI 636 007, 5.00
MUSI 636 008, 3.00
MUSI 636 009, 3.14
MUSI 636 010, 2.67
MUSI 636 011, 2.67
MUSI 636 012, 2.75
MUSI 636 013, 3.50
MUSI 636 015, 3.25
MUSI 636 016, 3.75
MUSI 636 017, 3.00
MUSI 636 019, 2.50
MUSI 636 020, 3.50
MUSI 636 021, 3.33
MUSI 640 001, 2.00
MUSI 642 001, 2.71
MUSI 649 001, 3.33
MUSI 651 001, 3.00
MUSI 653 001, 3.00
MUSI 655 001, 3.67
MUSI 656 001, 5.00
MUSI 661 001, 4.33
MUSI 663 001, 4.00
MUSI 665 001, 3.50
MUSI 667 001, 5.00
MUSI 671 001, 3.67
MUSI 673 001, 2.40
MUSI 673 002, 3.00
MUSI 681 001, 3.00
MUSI 681 002, 3.50
MUSI 681 003, 3.29
MUSI 683 001, 4.67
MUSI 687 001, 3.50
MUSI 689 001, 3.00
MUSI 689 001, 3.00
MUSI 690 001, 3.00
MUSI 691 001, 4.00
MUSI 691 003, 3.57
MUSI 691 004, 4.00
MUSI 691 005, 3.40
MUSI 693 001, 3.33
MUSI 693 002, 4.00
MUSI 695 001, 3.00
MUSI 695 002, 4.33
MUSI 695 003, 3.00
MUSI 697 001, 5.00
MUSI 697 002, 5.00
MUSI 698 001, 3.00
MUSI 712 001, 3.20
NAVA 101 001, 2.25
NAVA 102 001, 1.50
NAVA 302 001, 2.00
NAVA 401 001, 2.14
NAVA 410 001, 3.00
NEUR 385 001, 3.37
NEUR 415 001, 3.69
NEUR 415 001, 3.69
NEUR 481 001, 3.71
NEUR 485 001, 2.88
NEUR 525 003, 2.38
NSCI 281 001, 4.19
NSCI 282 001, 4.60
NSCI 282 001, 4.60
NSCI 501 001, 1.64
NSCI 501 001, 1.64
NSCI 510 001, 3.70
NSCI 512 001, 3.67
NSCI 610 001, 2.94
NSCI 610 001, 2.94
NSCI 610 001, 2.94
PHIL 100 001, 3.00
PHIL 101 001, 2.15
PHIL 104 001, 3.40
PHIL 201 001, 2.57
PHIL 302 001, 2.40
PHIL 303 001, 3.67
PHIL 305 001, 3.18
PHIL 306 002, 3.07
PHIL 327 001, 3.09
PHIL 352 001, 3.20
PHIL 390 001, 3.50
PHIL 505 001, 3.50
PHIL 508 001, 3.40
PHIL 524 001, 3.75
PHIL 536 001, 3.56
PHIL 590 001, 3.00
PHIL 598 001, 4.00
PHIL 701 001, 4.00
PHIL 800 001, 3.40
PHYS 101 001, 3.65
PHYS 101 001, 3.65
PHYS 101 001, 3.65
PHYS 101 002, 3.80
PHYS 101 002, 3.80
PHYS 101 002, 3.80
PHYS 111 001, 3.88
PHYS 125 001, 3.64
PHYS 125 001, 3.64
PHYS 144 001, 2.57
PHYS 201 001, 3.17
PHYS 231 001, 2.77
PHYS 301 001, 4.23
PHYS 311 001, 4.14
PHYS 331 001, 3.33
PHYS 332 001, 3.00
PHYS 411 001, 2.33
PHYS 425 001, 3.32
PHYS 480 001, 2.20
PHYS 491 001, 2.91
PHYS 493 001, 1.95
PHYS 515 001, 3.64
PHYS 519 001, 3.25
PHYS 521 001, 3.28
PHYS 533 001, 2.84
PHYS 537 001, 3.00
PHYS 537 001, 3.00
PHYS 542 001, 2.25
PHYS 551 001, 2.00
PHYS 563 001, 2.88
PHYS 566 001, 2.56
PHYS 572 001, 3.18
PHYS 605 001, 4.00
PHYS 622 001, 2.33
POLI 209 001, 1.81
POLI 210 001, 1.70
POLI 211 001, 3.11
POLI 212 001, 3.40
POLI 305 001, 3.67
POLI 315 001, 2.85
POLI 333 001, 3.11
POLI 336 001, 2.79
POLI 338 001, 2.80
POLI 342 001, 3.06
POLI 356 001, 2.71
POLI 360 001, 3.50
POLI 365 001, 3.00
POLI 372 001, 2.91
POLI 373 001, 3.11
POLI 395 001, 2.27
POLI 395 002, 2.46
POLI 405 001, 3.00
POLI 420 001, 2.73
POLI 420 001, 2.73
POLI 430 001, 2.17
POLI 435 001, 4.00
POLI 437 001, 3.33
POLI 473 001, 3.83
POLI 483 001, 3.56
POLI 500 001, 3.50
POLI 504 001, 3.83
POLI 506 001, 4.80
POLI 540 001, 2.50
POLI 542 001, 3.44
POLI 569 001, 3.10
POLI 599 001, 2.50
POLI 800 001, 2.60
PORT 101 001, 3.08
PORT 201 001, 3.60
PORT 301 001, 3.00
POST 338 001, 2.80
POST 430 001, 3.00
PSYC 101 001, 2.55
PSYC 101 002, 2.89
PSYC 202 001, 2.98
PSYC 202 002, 2.32
PSYC 203 001, 2.56
PSYC 308 001, 3.59
PSYC 309 001, 3.47
PSYC 321 001, 2.63
PSYC 330 001, 2.72
PSYC 331 001, 2.83
PSYC 338 001, 1.65
PSYC 338 002, 1.42
PSYC 339 001, 2.74
PSYC 340 001, 2.64
PSYC 340 002, 2.15
PSYC 345 001, 2.80
PSYC 370 001, 2.89
PSYC 375 001, 2.46
PSYC 375 001, 2.46
PSYC 409 001, 2.86
PSYC 420 001, 2.73
PSYC 420 001, 2.73
PSYC 438 001, 3.00
PSYC 455 001, 3.10
PSYC 480 001, 2.60
PSYC 485 001, 3.40
PSYC 485 003, 2.67
PSYC 485 004, 2.60
PSYC 485 005, 2.33
PSYC 485 011, 3.00
PSYC 485 014, 3.00
PSYC 499 001, 3.00
PSYC 502 001, 4.60
PSYC 525 001, 3.67
PSYC 529 001, 1.82
PSYC 530 001, 3.25
PSYC 531 001, 1.57
PSYC 533 001, 1.88
PSYC 550 001, 3.40
PSYC 561 001, 3.25
PSYC 571 001, 3.67
PSYC 572 001, 3.33
PSYC 573 001, 3.33
PSYC 575 001, 2.80
PSYC 575 001, 2.80
PSYC 577 001, 5.00
PSYC 579 001, 2.67
PSYC 602 001, 3.71
PSYC 609 001, 4.00
PSYC 629 001, 2.00
PSYC 630 002, 3.25
PSYC 700 001, 4.25
PSYC 800 001, 4.00
RELI 101 001, 1.78
RELI 107 001, 2.25
RELI 158 001, 2.50
RELI 209 001, 2.33
RELI 225 001, 2.78
RELI 230 001, 2.50
RELI 294 001, 2.50
RELI 312 001, 3.40
RELI 342 001, 1.85
RELI 347 001, 2.89
RELI 356 001, 3.17
RELI 373 001, 2.67
RELI 385 001, 2.98
RELI 385 001, 2.98
RELI 399 001, 1.64
RELI 401 002, 3.50
RELI 427 001, 3.50
RELI 430 001, 3.00
RELI 433 001, 3.25
RELI 470 001, 3.00
RELI 523 001, 3.00
RELI 523 002, 3.00
RELI 523 008, 2.33
RELI 523 010, 4.50
RELI 527 001, 3.50
RELI 530 001, 2.00
RELI 530 007, 3.33
RELI 535 001, 2.67
RELI 548 001, 3.67
RELI 562 001, 2.50
RELI 584 001, 3.00
RELI 800 001, 3.22
RUSS 101 001, 2.50
RUSS 201 001, 3.25
RUSS 301 001, 2.75
SMGT 260 001, 2.52
SMGT 260 002, 2.47
SMGT 276 001, 3.20
SMGT 360 001, 3.18
SMGT 361 001, 3.14
SMGT 362 001, 2.25
SMGT 364 001, 3.86
SMGT 376 001, 3.13
SMGT 377 001, 3.25
SMGT 378 001, 3.00
SMGT 379 001, 3.00
SMGT 460 001, 3.33
SMGT 466 001, 2.78
SMGT 499 003, 3.00
SOCI 101 001, 2.84
SOCI 101 002, 2.66
SOCI 101 003, 2.55
SOCI 280 001, 3.94
SOCI 280 002, 3.94
SOCI 301 001, 3.12
SOCI 304 001, 3.52
SOCI 304 001, 3.52
SOCI 308 001, 2.77
SOCI 313 001, 2.37
SOCI 321 001, 3.46
SOCI 327 002, 3.00
SOCI 329 001, 3.11
SOCI 342 001, 3.24
SOCI 380 001, 3.13
SOCI 381 001, 4.07
SOCI 403 002, 1.50
SOCI 403 007, 4.00
SOCI 405 001, 3.00
SOCI 422 001, 4.00
SOCI 423 001, 2.83
SOCI 424 001, 4.50
SOCI 425 001, 4.00
SOCI 469 001, 1.48
SOCI 493 002, 4.50
SOCI 493 011, 4.50
SOCI 505 001, 3.00
SOCI 524 001, 3.78
SOCI 525 001, 3.00
SOCI 526 001, 3.69
SOCI 581 001, 3.73
SOCI 583 001, 2.50
SOCI 596 001, 2.83
SOSC 421 001, 2.58
SOSC 422 001, 3.50
SOSC 423 001, 3.60
SOSC 430 001, 3.00
SPAN 101 001, 3.36
SPAN 101 002, 3.38
SPAN 101 003, 3.17
SPAN 102 001, 3.29
SPAN 102 002, 2.92
SPAN 102 003, 3.75
SPAN 105 001, 3.17
SPAN 105 002, 3.33
SPAN 131 001, 3.13
SPAN 131 002, 1.75
SPAN 131 003, 2.50
SPAN 132 001, 1.88
SPAN 132 002, 2.20
SPAN 132 003, 1.60
SPAN 135 001, 3.50
SPAN 135 002, 3.25
SPAN 158 001, 2.73
SPAN 158 001, 2.73
SPAN 201 001, 2.60
SPAN 201 002, 3.12
SPAN 201 003, 2.88
SPAN 201 004, 2.57
SPAN 202 001, 2.58
SPAN 202 002, 2.56
SPAN 202 003, 2.71
SPAN 204 001, 2.55
SPAN 231 001, 1.40
SPAN 231 002, 1.43
SPAN 231 004, 1.44
SPAN 231 006, 2.11
SPAN 232 001, 1.25
SPAN 232 002, 1.72
SPAN 232 003, 1.33
SPAN 301 001, 2.14
SPAN 301 002, 2.50
SPAN 301 003, 2.64
SPAN 301 004, 3.09
SPAN 302 001, 3.29
SPAN 302 002, 3.20
SPAN 303 001, 3.00
SPAN 303 002, 3.19
SPAN 305 001, 2.94
SPAN 307 001, 2.58
SPAN 307 002, 2.65
SPAN 310 001, 2.17
SPAN 313 001, 2.50
SPAN 315 001, 2.00
SPAN 341 001, 3.67
SPAN 343 001, 3.10
SPAN 377 001, 3.00
SPAN 406 001, 2.57
SPAN 430 001, 3.30
SPAN 462 001, 3.07
STAT 100 001, 2.25
STAT 280 A01, 1.71
STAT 280 A02, 2.10
STAT 280 A03, 2.27
STAT 280 A04, 2.00
STAT 280 A05, 2.19
STAT 280 A06, 2.88
STAT 280 B01, 2.65
STAT 305 001, 2.07
STAT 305 002, 2.07
STAT 310 001, 3.57
STAT 312 001, 2.93
STAT 405 001, 3.59
STAT 410 001, 3.36
STAT 410 002, 3.36
STAT 410 003, 3.36
STAT 421 001, 3.17
STAT 431 001, 3.53
STAT 440 001, 3.00
STAT 450 001, 2.88
STAT 482 001, 2.92
STAT 484 001, 2.67
STAT 490 001, 2.33
STAT 509 001, 4.60
STAT 522 001, 2.50
STAT 533 001, 3.80
STAT 541 001, 2.91
STAT 549 001, 2.73
STAT 581 001, 3.33
STAT 583 001, 3.42
STAT 590 001, 2.40
STAT 601 001, 1.86
STAT 604 001, 2.88
STAT 611 001, 3.38
STAT 615 001, 2.87
STAT 615 002, 2.87
STAT 615 003, 2.87
STAT 621 001, 3.07
STAT 640 001, 3.28
STAT 682 001, 3.23
STAT 684 001, 3.40
STAT 800 001, 3.23
SWGS 101 001, 3.08
SWGS 234 001, 2.75
SWGS 273 001, 2.56
SWGS 305 001, 3.14
SWGS 327 001, 3.00
SWGS 331 001, 2.83
SWGS 347 001, 2.89
SWGS 361 001, 2.47
SWGS 399 001, 2.22
SWGS 430 001, 3.57
SWGS 440 001, 3.40
SWGS 472 001, 4.38
SWGS 498 001, 4.25
THEA 100 001, 1.60
THEA 101 001, 2.00
THEA 102 001, 1.56
THEA 300 001, 3.23
THEA 301 001, 2.13
THEA 303 001, 2.85
THEA 308 001, 2.15
THEA 331 001, 2.57
THEA 331 001, 2.57
THEA 396 001, 4.00
UNIV 101 001, 3.00
UNIV 110 001, 1.88
UNIV 110 001, 1.88
UNIV 110 002, 1.86
UNIV 110 002, 1.86
UNIV 110 003, 2.07
UNIV 110 003, 2.07
UNIV 201 001, 2.42
UNIV 299 001, 1.14
UNIV 301 001, 2.57
UNIV 594 001, 2.08
UNIV 594 001, 2.08
