ANTH 200 001, 2.06
ANTH 200 002, 1.76
ANTH 200 003, 1.78
ANTH 212 001, 2.24
ANTH 212 001, 2.24
ANTH 302 001, 1.70
ANTH 323 001, 1.47
ANTH 349 001, 1.90
ANTH 355 001, 2.00
ANTH 362 001, 1.00
ANTH 363 001, 2.33
ANTH 381 001, 2.10
ANTH 387 001, 1.90
ANTH 404 011, 1.33
ANTH 408 001, 2.25
ANTH 420 001, 1.00
ANTH 440 001, 1.00
ANTH 491 005, 1.00
ANTH 507 001, 1.25
ANTH 523 001, 1.67
ANTH 549 001, 1.25
ANTH 562 001, 1.25
ANTH 581 001, 1.00
ANTH 600 002, 1.00
ANTH 602 001, 1.00
ANTH 620 001, 1.33
ANTH 800 001, 1.10
ARAB 102 001, 2.58
ARAB 202 001, 2.80
ARAB 302 001, 2.67
ARAB 399 001, 1.00
ARCH 102 001, 1.08
ARCH 102 002, 1.36
ARCH 202 001, 1.00
ARCH 202 002, 1.64
ARCH 302 001, 1.88
ARCH 302 002, 1.29
ARCH 305 001, 1.13
ARCH 305 001, 1.13
ARCH 309 001, 1.65
ARCH 313 001, 2.29
ARCH 316 001, 1.69
ARCH 323 002, 1.13
ARCH 323 004, 1.75
ARCH 345 001, 2.39
ARCH 345 001, 2.39
ARCH 353 001, 1.25
ARCH 363 001, 1.00
ARCH 367 001, 1.17
ARCH 370 001, 1.56
ARCH 371 001, 1.54
ARCH 374 001, 1.50
ARCH 402 001, 1.40
ARCH 402 002, 1.83
ARCH 412 001, 1.00
ARCH 416 001, 1.25
ARCH 416 001, 1.25
ARCH 423 001, 1.56
ARCH 423 001, 1.56
ARCH 442 001, 1.60
ARCH 461 001, 1.50
ARCH 480 001, 1.94
ARCH 500 001, 1.14
ARCH 502 001, 1.55
ARCH 504 001, 1.60
ARCH 504 002, 1.86
ARCH 509 002, 1.78
ARCH 516 001, 1.78
ARCH 523 002, 1.25
ARCH 523 007, 1.00
ARCH 571 001, 2.50
ARCH 602 001, 1.33
ARCH 602 001, 1.33
ARCH 602 002, 1.50
ARCH 602 003, 2.00
ARCH 602 004, 1.17
ARCH 602 004, 1.17
ARCH 602 004, 1.17
ARCH 605 001, 1.25
ARCH 605 001, 1.25
ARCH 610 001, 1.50
ARCH 612 001, 1.25
ARCH 612 003, 1.50
ARCH 617 001, 1.75
ARCH 617 001, 1.75
ARCH 620 001, 2.13
ARCH 623 001, 3.00
ARCH 623 001, 3.00
ARCH 642 001, 1.40
ARCH 645 001, 2.38
ARCH 645 001, 2.38
ARCH 652 001, 3.15
ARCH 653 001, 1.33
ARCH 670 001, 1.20
ARCH 674 001, 1.67
ARCH 680 001, 1.25
ARCH 702 001, 1.57
ARCH 711 001, 1.22
ARCR 451 001, 1.13
ARCR 451 001, 1.13
ARCR 451 001, 1.13
ARCR 451 001, 1.13
ARCR 451 001, 1.13
ARCR 551 001, 1.33
ARCR 551 001, 1.33
ARCR 551 001, 1.33
ARCR 551 001, 1.33
ARCR 551 001, 1.33
ARTS 176 001, 1.86
ARTS 176 001, 1.86
ARTS 225 001, 1.50
ARTS 225 002, 1.71
ARTS 225 003, 2.20
ARTS 294 001, 1.41
ARTS 301 001, 2.40
ARTS 314 001, 1.20
ARTS 315 001, 1.00
ARTS 325 001, 1.23
ARTS 328 001, 1.88
ARTS 328 001, 1.88
ARTS 332 001, 1.75
ARTS 365 001, 1.60
ARTS 366 001, 1.17
ARTS 388 001, 2.75
ARTS 432 001, 2.00
ARTS 460 001, 1.47
ARTS 466 001, 1.40
ARTS 499 001, 2.33
ASIA 212 001, 2.24
ASIA 212 001, 2.24
ASIA 218 001, 2.25
ASIA 322 001, 2.00
ASIA 328 001, 2.17
ASIA 329 001, 1.88
ASIA 329 002, 2.36
ASIA 350 001, 1.32
ASIA 371 002, 1.22
ASIA 379 001, 1.54
ASIA 387 001, 1.90
ASIA 438 001, 1.25
ASIA 439 001, 2.33
ASIA 488 001, 1.43
ASTR 100 001, 1.67
ASTR 202 001, 1.74
ASTR 230 001, 1.67
ASTR 360 001, 2.00
ASTR 400 001, 1.70
ASTR 452 001, 2.67
ASTR 500 001, 1.80
BIOC 111 001, 1.64
BIOC 111 001, 1.64
BIOC 111 002, 1.60
BIOC 111 002, 1.60
BIOC 111 003, 1.92
BIOC 111 003, 1.92
BIOC 111 004, 2.29
BIOC 111 004, 2.29
BIOC 115 001, 1.33
BIOC 115 003, 2.00
BIOC 122 001, 2.21
BIOC 211 001, 2.35
BIOC 211 002, 2.11
BIOC 211 003, 2.17
BIOC 211 004, 2.06
BIOC 215 001, 1.25
BIOC 215 001, 1.25
BIOC 215 001, 1.25
BIOC 300 001, 1.91
BIOC 302 001, 1.65
BIOC 302 001, 1.65
BIOC 310 001, 1.27
BIOC 310 003, 1.40
BIOC 310 004, 1.00
BIOC 310 005, 2.00
BIOC 310 011, 2.00
BIOC 310 012, 1.25
BIOC 310 016, 1.50
BIOC 310 018, 1.25
BIOC 310 027, 1.50
BIOC 310 028, 1.33
BIOC 310 032, 1.83
BIOC 310 035, 1.50
BIOC 310 036, 1.33
BIOC 311 001, 2.30
BIOC 311 002, 1.74
BIOC 318 001, 2.00
BIOC 318 002, 1.94
BIOC 320 001, 2.09
BIOC 320 002, 1.45
BIOC 320 003, 1.63
BIOC 332 001, 2.72
BIOC 334 001, 2.85
BIOC 341 001, 2.01
BIOC 344 001, 2.57
BIOC 352 001, 2.42
BIOC 352 001, 2.42
BIOC 361 001, 2.14
BIOC 363 001, 1.63
BIOC 380 001, 2.20
BIOC 402 001, 1.56
BIOC 412 001, 1.78
BIOC 413 001, 1.60
BIOC 413 001, 1.60
BIOC 415 001, 2.00
BIOC 424 001, 2.25
BIOC 447 001, 1.60
BIOC 447 001, 1.60
BIOC 460 001, 1.29
BIOC 530 001, 2.00
BIOC 535 001, 1.67
BIOC 547 001, 1.88
BIOC 547 001, 1.88
BIOC 560 001, 1.52
BIOC 571 001, 3.13
BIOC 582 001, 1.69
BIOC 588 001, 1.78
BIOC 588 001, 1.78
BIOC 588 001, 1.78
BIOC 592 001, 2.00
BIOC 593 001, 1.33
BIOC 593 001, 1.33
BIOC 599 001, 1.56
BIOC 599 001, 1.56
BIOC 701 001, 1.63
BIOC 702 001, 1.71
BIOE 320 001, 1.62
BIOE 320 002, 1.83
BIOE 320 003, 1.36
BIOE 320 004, 1.89
BIOE 322 001, 2.72
BIOE 330 001, 2.25
BIOE 332 001, 1.84
BIOE 342 001, 2.09
BIOE 342 002, 1.45
BIOE 342 003, 1.63
BIOE 360 001, 1.67
BIOE 361 001, 2.14
BIOE 372 001, 2.55
BIOE 391 001, 2.34
BIOE 400 001, 2.22
BIOE 401 001, 2.14
BIOE 422 001, 2.17
BIOE 440 001, 2.15
BIOE 444 001, 2.50
BIOE 444 002, 1.50
BIOE 444 003, 2.00
BIOE 444 004, 1.67
BIOE 446 001, 2.27
BIOE 447 001, 1.40
BIOE 452 001, 2.33
BIOE 484 001, 2.33
BIOE 486 001, 2.00
BIOE 498 001, 1.86
BIOE 510 001, 1.31
BIOE 512 001, 2.14
BIOE 522 001, 2.50
BIOE 560 001, 1.52
BIOE 562 001, 3.88
BIOE 562 001, 3.88
BIOE 581 001, 2.25
BIOE 610 001, 1.60
BIOE 620 001, 1.97
BIOE 620 001, 1.97
BIOE 633 001, 1.57
BIOE 633 001, 1.57
BIOE 682 002, 1.90
BIOE 699 001, 2.62
BUSI 296 001, 1.15
BUSI 296 002, 1.31
BUSI 296 003, 1.70
BUSI 305 001, 2.02
BUSI 305 002, 1.92
BUSI 343 001, 1.55
BUSI 380 001, 1.85
BUSI 380 002, 1.70
BUSI 471 001, 2.32
BUSI 471 002, 2.29
BUSI 510 001, 1.00
BUSI 522 001, 1.33
BUSI 522 001, 1.33
BUSI 526 001, 1.00
BUSI 532 001, 1.00
BUSI 533 001, 1.00
BUSI 541 001, 1.33
BUSI 544 001, 1.33
BUSI 545 001, 1.17
BUSI 801 001, 1.00
CAAM 210 001, 2.19
CAAM 335 001, 2.62
CAAM 335 002, 2.14
CAAM 336 001, 2.00
CAAM 336 002, 2.12
CAAM 353 001, 2.25
CAAM 402 001, 1.94
CAAM 416 001, 2.22
CAAM 416 001, 2.22
CAAM 435 001, 1.77
CAAM 452 001, 1.85
CAAM 454 001, 1.86
CAAM 471 001, 2.47
CAAM 480 001, 1.75
CAAM 480 001, 1.75
CAAM 496 001, 1.43
CAAM 496 001, 1.43
CAAM 498 001, 1.93
CAAM 499 001, 1.60
CAAM 499 007, 1.33
CAAM 499 009, 1.33
CAAM 502 001, 1.60
CAAM 554 001, 1.45
CAAM 571 001, 3.00
CAAM 600 001, 1.58
CAAM 600 001, 1.58
CAAM 600 001, 1.58
CAAM 640 001, 1.67
CAAM 652 001, 1.67
CAAM 654 001, 2.00
CAAM 654 001, 2.00
CAAM 654 001, 2.00
CAAM 654 001, 2.00
CAAM 698 001, 1.67
CAAM 699 004, 1.75
CAAM 699 004, 1.75
CAAM 699 006, 1.00
CAAM 699 006, 1.00
CAAM 699 007, 1.25
CAAM 699 010, 1.33
CEVE 211 001, 2.79
CEVE 304 001, 1.30
CEVE 307 001, 2.03
CEVE 311 001, 2.39
CEVE 311 002, 2.00
CEVE 312 001, 2.17
CEVE 313 001, 2.00
CEVE 322 001, 1.60
CEVE 400 001, 2.18
CEVE 404 001, 1.44
CEVE 405 001, 2.90
CEVE 406 001, 1.74
CEVE 417 001, 2.64
CEVE 452 002, 3.26
CEVE 455 001, 1.85
CEVE 480 001, 2.65
CEVE 499 002, 1.50
CEVE 499 005, 1.33
CEVE 499 014, 2.11
CEVE 500 001, 1.89
CEVE 504 001, 1.33
CEVE 512 001, 2.42
CEVE 518 001, 1.93
CEVE 528 001, 1.25
CEVE 533 001, 1.36
CEVE 535 001, 1.50
CEVE 536 001, 2.30
CEVE 538 001, 2.00
CEVE 550 001, 1.63
CEVE 570 001, 1.20
CEVE 599 011, 1.50
CEVE 602 001, 2.02
CEVE 641 001, 1.00
CHBE 100 001, 2.33
CHBE 100 001, 2.33
CHBE 281 001, 2.08
CHBE 281 001, 2.08
CHBE 305 001, 2.53
CHBE 310 001, 2.36
CHBE 343 002, 2.90
CHBE 343 002, 2.90
CHBE 402 001, 3.02
CHBE 404 001, 3.16
CHBE 412 001, 1.56
CHBE 500 001, 1.87
CHBE 571 001, 1.00
CHBE 590 001, 1.88
CHBE 594 002, 1.56
CHBE 594 002, 1.56
CHBE 602 001, 1.28
CHBE 605 001, 1.60
CHBE 620 001, 1.97
CHBE 620 001, 1.97
CHBE 662 001, 2.15
CHBE 682 002, 1.90
CHBE 800 001, 1.51
CHEM 110 001, 1.64
CHEM 122 001, 2.25
CHEM 122 001, 2.25
CHEM 122 003, 2.60
CHEM 122 004, 2.43
CHEM 124 001, 2.03
CHEM 124 002, 1.88
CHEM 124 003, 1.97
CHEM 124 004, 2.16
CHEM 124 005, 2.02
CHEM 124 006, 1.98
CHEM 124 007, 1.93
CHEM 152 001, 1.42
CHEM 152 001, 1.42
CHEM 154 001, 2.20
CHEM 176 001, 1.86
CHEM 176 001, 1.86
CHEM 211 001, 1.51
CHEM 212 001, 2.53
CHEM 215 001, 1.33
CHEM 215 002, 1.63
CHEM 215 003, 1.33
CHEM 215 004, 1.45
CHEM 215 005, 1.41
CHEM 220 001, 1.50
CHEM 232 001, 1.78
CHEM 232 001, 1.78
CHEM 320 001, 1.08
CHEM 330 001, 2.27
CHEM 353 002, 1.92
CHEM 360 001, 2.34
CHEM 372 001, 1.50
CHEM 395 001, 2.00
CHEM 399 001, 2.00
CHEM 411 001, 2.40
CHEM 420 001, 1.75
CHEM 425 001, 2.17
CHEM 443 001, 3.00
CHEM 445 001, 1.80
CHEM 475 001, 1.71
CHEM 491 001, 1.71
CHEM 491 012, 1.75
CHEM 491 013, 1.00
CHEM 491 022, 2.00
CHEM 491 026, 3.50
CHEM 491 040, 2.00
CHEM 491 042, 1.67
CHEM 491 043, 1.50
CHEM 498 001, 1.86
CHEM 531 000, 2.00
CHEM 533 001, 1.36
CHEM 600 001, 1.83
CHEM 600 002, 1.64
CHEM 600 003, 2.33
CHEM 600 004, 1.79
CHEM 630 001, 1.86
CHEM 700 001, 1.76
CHEM 700 001, 1.76
CHEM 800 001, 1.50
CHIN 102 001, 1.67
CHIN 102 003, 1.17
CHIN 102 004, 1.17
CHIN 102 005, 1.80
CHIN 132 002, 2.29
CHIN 132 003, 1.17
CHIN 132 004, 1.20
CHIN 132 005, 2.00
CHIN 202 001, 1.13
CHIN 202 002, 1.67
CHIN 212 001, 1.25
CHIN 212 002, 1.27
CHIN 232 001, 1.33
CHIN 232 002, 1.20
CHIN 302 001, 1.89
CHIN 312 001, 1.83
CHIN 412 001, 1.38
CLAS 207 001, 1.44
CLAS 235 001, 2.40
CLAS 309 001, 1.67
CLAS 494 001, 1.00
COLL 100 001, 1.50
COLL 101 001, 1.70
COLL 102 001, 1.73
COLL 103 001, 1.27
COLL 103 001, 1.27
COLL 104 002, 1.50
COLL 104 002, 1.50
COLL 105 001, 1.86
COLL 106 001, 1.55
COLL 107 001, 1.58
COLL 107 001, 1.58
COLL 108 001, 1.38
COLL 109 001, 1.47
COLL 109 001, 1.47
COLL 109 002, 1.75
COLL 109 002, 1.75
COLL 110 001, 1.47
COLL 111 001, 1.33
COLL 112 001, 1.13
COLL 113 001, 1.54
COLL 113 001, 1.54
COLL 114 001, 1.71
COLL 114 001, 1.71
COLL 115 002, 2.00
COLL 116 001, 1.71
COLL 117 001, 1.91
COLL 118 002, 1.92
COLL 119 002, 1.36
COLL 119 002, 1.36
COLL 120 001, 1.70
COLL 121 001, 2.00
COLL 122 001, 1.67
COLL 122 001, 1.67
COLL 123 001, 1.46
COLL 124 001, 1.71
COLL 125 001, 1.29
COLL 126 001, 1.50
COLL 133 001, 1.46
COLL 154 001, 1.44
COLL 165 001, 1.20
COLL 165 001, 1.20
COLL 176 001, 1.33
COLL 186 001, 1.33
COLL 187 001, 1.82
COLL 188 001, 1.57
COLL 188 001, 1.57
COLL 189 001, 1.50
COLL 190 001, 1.31
COLL 191 001, 2.00
COLL 192 001, 1.62
COLL 193 001, 1.63
COLL 194 001, 1.17
COLL 195 001, 1.19
COLL 196 001, 1.60
COLL 197 001, 1.60
COLL 197 001, 1.60
COLL 198 001, 1.40
COLL 199 001, 1.35
COLL 199 001, 1.35
COLL 200 002, 1.86
COLL 200 003, 2.00
COLL 200 004, 1.00
COLL 200 007, 1.67
COLL 200 008, 2.00
COLL 200 009, 1.86
COLL 200 010, 2.33
COLL 200 012, 1.25
COLL 202 001, 1.36
COLL 203 001, 1.50
COLL 205 001, 1.53
COLL 206 001, 1.00
COLL 208 001, 1.23
COLL 299 001, 1.95
COLL 300 001, 1.53
COLL 300 001, 1.53
COLL 300 001, 1.53
COMM 103 001, 1.82
COMP 100 001, 2.04
COMP 182 B01, 1.36
COMP 182 B01, 1.36
COMP 182 B02, 1.21
COMP 182 B02, 1.21
COMP 182 B03, 1.28
COMP 182 B03, 1.28
COMP 200 001, 2.48
COMP 200 001, 2.48
COMP 221 A01, 1.78
COMP 221 A02, 1.55
COMP 300 001, 1.73
COMP 300 001, 1.73
COMP 322 A01, 2.09
COMP 322 A02, 2.40
COMP 322 A03, 2.29
COMP 327 001, 2.26
COMP 402 001, 3.00
COMP 405 001, 2.19
COMP 421 001, 1.35
COMP 422 001, 1.76
COMP 430 001, 1.85
COMP 460 001, 1.47
COMP 482 001, 2.02
COMP 486 001, 2.00
COMP 502 001, 2.44
COMP 512 001, 1.43
COMP 513 001, 1.80
COMP 526 001, 1.73
COMP 571 001, 3.13
COMP 600 001, 2.13
COMP 607 001, 1.33
COMP 607 001, 1.33
COMP 650 001, 1.58
COMP 694 001, 1.67
CSCI 390 001, 1.57
EBIO 179 001, 1.43
EBIO 202 001, 2.10
EBIO 204 001, 1.53
EBIO 213 001, 1.80
EBIO 213 002, 2.10
EBIO 213 003, 2.33
EBIO 237 001, 1.40
EBIO 270 001, 1.50
EBIO 270 001, 1.50
EBIO 306 001, 1.00
EBIO 306 004, 0.00
EBIO 306 005, 1.00
EBIO 306 007, 2.00
EBIO 306 008, 1.50
EBIO 306 010, 1.33
EBIO 306 011, 1.50
EBIO 316 001, 1.86
EBIO 317 001, 2.75
EBIO 321 001, 2.24
EBIO 325 001, 2.21
EBIO 334 001, 2.85
EBIO 372 001, 1.97
EBIO 404 001, 1.75
EBIO 542 001, 1.00
EBIO 542 005, 1.25
EBIO 542 008, 1.50
EBIO 562 001, 1.25
EBIO 568 001, 2.00
EBIO 568 001, 2.00
EBIO 570 001, 2.00
EBIO 570 001, 2.00
EBIO 586 001, 1.81
EBIO 591 001, 1.40
EBIO 801 001, 1.50
EBIO 801 002, 1.00
EBIO 801 003, 1.67
EBIO 801 004, 1.50
EBIO 801 007, 1.67
EBIO 801 008, 1.00
ECON 201 001, 2.35
ECON 201 002, 2.74
ECON 201 003, 2.37
ECON 239 001, 1.47
ECON 301 001, 1.57
ECON 301 002, 2.77
ECON 301 003, 3.22
ECON 303 001, 1.91
ECON 307 001, 2.41
ECON 309 001, 2.50
ECON 355 001, 1.77
ECON 405 001, 3.10
ECON 409 001, 3.80
ECON 435 001, 1.90
ECON 443 001, 1.40
ECON 445 001, 2.03
ECON 447 001, 1.25
ECON 452 001, 2.21
ECON 484 001, 2.50
ECON 505 001, 2.38
ECON 508 001, 2.64
ECON 510 001, 1.46
ECON 514 001, 1.67
ECON 523 001, 1.40
ECON 547 001, 1.00
ECON 579 001, 1.22
ECON 592 001, 1.50
ECON 594 001, 1.50
ECON 594 002, 1.67
ECON 594 003, 1.57
ECON 594 004, 1.50
ECON 800 001, 1.33
ECON 800 003, 1.00
ECON 800 004, 1.60
ECON 800 005, 1.50
ECON 800 006, 1.00
EDUC 305 001, 2.35
EDUC 310 001, 1.50
EDUC 335 001, 1.81
EDUC 345 001, 2.36
EDUC 350 001, 2.00
EDUC 420 001, 2.50
EDUC 510 001, 2.20
EDUC 545 001, 3.83
ELEC 220 001, 2.57
ELEC 242 001, 2.34
ELEC 243 001, 2.95
ELEC 262 001, 1.44
ELEC 302 001, 2.25
ELEC 305 001, 1.54
ELEC 323 A01, 2.09
ELEC 323 A02, 2.40
ELEC 323 A03, 2.29
ELEC 327 001, 2.20
ELEC 331 001, 1.83
ELEC 332 001, 1.56
ELEC 345 001, 1.82
ELEC 361 001, 1.82
ELEC 364 001, 2.00
ELEC 420 001, 2.02
ELEC 421 001, 1.35
ELEC 430 001, 1.55
ELEC 431 001, 1.68
ELEC 433 001, 2.67
ELEC 433 001, 2.67
ELEC 436 001, 1.71
ELEC 486 001, 2.00
ELEC 494 001, 2.58
ELEC 497 001, 2.33
ELEC 501 001, 1.29
ELEC 502 001, 2.44
ELEC 513 001, 1.80
ELEC 516 001, 1.27
ELEC 526 001, 1.73
ELEC 531 001, 1.33
ELEC 538 001, 1.18
ELEC 543 001, 1.38
ELEC 544 001, 2.13
ELEC 564 001, 1.00
ELEC 565 001, 2.53
ELEC 569 001, 1.25
ELEC 581 001, 2.25
ELEC 631 001, 1.70
ELEC 694 001, 1.67
ELEC 695 001, 1.67
ELEC 699 001, 2.15
ENGI 120 001, 1.27
ENGI 205 001, 1.00
ENGI 300 001, 1.55
ENGI 303 001, 1.60
ENGI 315 001, 1.55
ENGI 510 001, 1.27
ENGI 528 001, 1.25
ENGI 545 001, 1.60
ENGI 600 001, 1.25
ENGI 610 001, 1.53
ENGI 610 001, 1.53
ENGL 175 001, 1.71
ENGL 175 002, 1.44
ENGL 175 003, 1.86
ENGL 175 004, 1.38
ENGL 200 001, 1.44
ENGL 200 002, 1.88
ENGL 201 001, 1.54
ENGL 250 001, 1.60
ENGL 255 001, 1.79
ENGL 260 001, 1.74
ENGL 260 002, 2.83
ENGL 268 001, 1.80
ENGL 270 001, 2.08
ENGL 277 001, 1.62
ENGL 278 001, 1.82
ENGL 300 001, 1.65
ENGL 300 003, 1.17
ENGL 301 001, 1.46
ENGL 304 001, 1.31
ENGL 305 001, 1.13
ENGL 312 001, 1.13
ENGL 320 001, 1.23
ENGL 323 001, 1.75
ENGL 339 001, 2.31
ENGL 341 001, 2.00
ENGL 343 001, 1.55
ENGL 346 001, 2.00
ENGL 357 001, 1.68
ENGL 361 001, 1.86
ENGL 363 001, 2.40
ENGL 366 001, 1.33
ENGL 375 001, 1.75
ENGL 379 001, 1.56
ENGL 384 001, 1.38
ENGL 388 001, 1.20
ENGL 397 001, 1.25
ENGL 397 002, 2.00
ENGL 398 001, 1.44
ENGL 401 001, 1.14
ENGL 404 001, 1.00
ENGL 418 001, 1.50
ENGL 459 001, 1.00
ENGL 510 001, 1.67
ENGL 532 001, 2.14
ENGL 546 001, 2.33
ENGL 570 001, 1.13
ENGL 583 001, 1.40
ENGL 594 001, 1.00
ENGL 622 002, 1.00
ENGL 622 006, 1.50
ENGL 622 007, 1.00
ENST 179 001, 1.43
ENST 204 001, 1.53
ENST 281 001, 2.08
ENST 281 001, 2.08
ENST 307 001, 2.03
ENST 313 001, 2.29
ENST 315 001, 1.85
ENST 367 001, 1.73
ENST 406 001, 1.74
ENST 425 001, 2.17
ESCI 101 001, 2.05
ESCI 103 001, 2.00
ESCI 214 001, 1.83
ESCI 307 001, 2.03
ESCI 323 001, 1.62
ESCI 324 001, 1.75
ESCI 334 001, 1.58
ESCI 391 001, 1.00
ESCI 412 001, 1.67
ESCI 416 001, 2.00
ESCI 417 001, 1.61
ESCI 420 001, 2.00
ESCI 425 001, 2.17
ESCI 427 001, 1.20
ESCI 428 001, 1.70
ESCI 436 001, 1.69
ESCI 441 001, 1.36
ESCI 444 001, 2.18
ESCI 462 001, 1.25
ESCI 506 001, 1.88
ESCI 511 001, 1.00
ESCI 520 001, 1.25
ESCI 539 001, 1.80
ESCI 541 001, 2.00
ESCI 541 001, 2.00
ESCI 544 001, 1.60
FILM 218 001, 2.25
FILM 225 001, 3.00
FILM 284 001, 1.86
FILM 328 001, 1.88
FILM 328 001, 1.88
FILM 332 001, 1.75
FILM 349 001, 1.67
FILM 375 001, 1.50
FILM 375 001, 1.50
FILM 383 001, 1.77
FILM 384 001, 1.38
FILM 420 001, 1.71
FILM 432 001, 2.00
FILM 438 001, 1.25
FILM 439 001, 2.33
FOTO 205 001, 1.14
FOTO 206 001, 1.40
FOTO 332 001, 1.75
FOTO 381 001, 1.50
FOTO 385 001, 1.83
FOTO 482 001, 1.67
FREN 101 001, 1.64
FREN 101 002, 1.20
FREN 101 003, 1.20
FREN 102 001, 1.56
FREN 201 001, 2.46
FREN 202 001, 1.25
FREN 202 002, 1.50
FREN 301 001, 1.00
FREN 303 001, 1.00
FREN 312 001, 2.63
FREN 336 001, 2.18
FREN 356 001, 1.22
FREN 403 003, 1.00
FREN 411 001, 1.40
FREN 459 001, 2.00
FREN 800 001, 2.00
FSEM 108 001, 1.36
FSEM 109 001, 3.09
FSEM 115 001, 1.33
FSEM 115 003, 2.00
FSEM 122 001, 1.43
FSEM 151 001, 2.00
FSEM 171 001, 1.50
FWIS 102 001, 2.62
FWIS 107 001, 1.31
FWIS 108 001, 1.15
FWIS 109 001, 1.44
FWIS 109 002, 1.31
FWIS 120 001, 1.46
FWIS 120 002, 1.60
FWIS 127 001, 1.36
FWIS 136 001, 1.67
FWIS 136 002, 2.00
FWIS 138 001, 1.75
FWIS 139 001, 1.38
FWIS 140 001, 1.92
FWIS 140 002, 1.92
FWIS 142 001, 1.60
FWIS 142 002, 1.27
FWIS 145 001, 1.30
FWIS 146 001, 1.67
FWIS 149 001, 2.93
FWIS 150 001, 1.00
FWIS 152 001, 2.00
FWIS 153 001, 1.40
FWIS 156 001, 1.63
FWIS 157 001, 1.36
FWIS 157 002, 1.45
FWIS 160 001, 2.50
FWIS 160 001, 2.50
FWIS 160 001, 2.50
FWIS 161 001, 2.83
FWIS 163 001, 2.30
FWIS 164 001, 1.93
FWIS 165 001, 1.60
FWIS 166 001, 1.40
FWIS 167 001, 1.17
FWIS 168 001, 2.10
FWIS 169 001, 1.89
FWIS 170 001, 1.67
FWIS 171 001, 1.67
GERM 102 001, 2.00
GERM 102 002, 1.43
GERM 102 003, 1.75
GERM 122 001, 1.43
GERM 202 001, 1.00
GERM 202 002, 1.00
GERM 302 001, 1.07
GERM 306 001, 1.40
GERM 327 001, 1.29
GERM 329 001, 1.20
GERM 333 001, 1.23
GERM 401 001, 1.00
GERM 492 002, 0.00
GLHT 360 001, 1.67
GLHT 361 001, 2.14
GLHT 400 001, 1.00
GLHT 452 001, 1.71
GLHT 510 001, 1.31
GREE 102 001, 1.00
GREE 307 001, 1.00
GREE 492 001, 1.67
HART 102 X05, 1.40
HART 102 X05, 1.40
HART 102 X05, 1.40
HART 102 X06, 1.40
HART 102 X06, 1.40
HART 102 X06, 1.40
HART 102 X07, 1.40
HART 102 X07, 1.40
HART 102 X07, 1.40
HART 102 X08, 1.40
HART 102 X08, 1.40
HART 102 X08, 1.40
HART 201 001, 1.43
HART 207 001, 1.15
HART 284 001, 1.86
HART 304 001, 1.06
HART 304 001, 1.06
HART 309 001, 1.67
HART 333 001, 1.25
HART 342 001, 1.43
HART 345 001, 2.39
HART 345 001, 2.39
HART 371 002, 1.22
HART 379 001, 1.54
HART 383 001, 1.77
HART 411 001, 1.50
HART 465 001, 1.14
HART 515 007, 1.00
HART 525 001, 2.00
HART 542 001, 1.00
HART 566 001, 1.00
HART 579 001, 2.50
HART 594 001, 1.00
HART 645 001, 2.38
HART 645 001, 2.38
HEAL 103 001, 1.57
HEAL 313 001, 1.93
HEAL 379 001, 1.20
HEAL 379 001, 1.20
HEAL 422 001, 1.77
HEAL 499 002, 1.00
HEBR 302 001, 1.13
HIND 105 001, 1.64
HIND 201 002, 2.25
HIND 235 001, 1.41
HIST 118 001, 1.55
HIST 120 001, 1.81
HIST 124 001, 2.10
HIST 151 001, 2.00
HIST 218 001, 2.25
HIST 233 001, 1.84
HIST 242 001, 2.12
HIST 251 001, 2.50
HIST 266 001, 1.75
HIST 287 001, 1.50
HIST 295 001, 1.53
HIST 296 001, 1.14
HIST 302 001, 1.29
HIST 304 001, 2.42
HIST 306 001, 2.14
HIST 327 001, 1.63
HIST 335 001, 1.67
HIST 342 001, 1.36
HIST 344 001, 1.33
HIST 360 001, 2.00
HIST 362 001, 2.20
HIST 364 001, 1.56
HIST 370 001, 1.11
HIST 375 001, 1.25
HIST 382 001, 1.11
HIST 384 001, 2.17
HIST 386 001, 1.39
HIST 395 001, 1.61
HIST 398 001, 1.52
HIST 404 001, 2.13
HIST 417 001, 1.33
HIST 421 001, 1.70
HIST 427 001, 1.50
HIST 428 001, 3.25
HIST 428 001, 3.25
HIST 454 001, 1.00
HIST 457 001, 1.22
HIST 464 001, 1.56
HIST 509 001, 1.00
HIST 570 001, 1.00
HIST 579 001, 1.43
HIST 583 001, 1.20
HIST 588 001, 1.13
HIST 700 001, 2.00
HIST 800 001, 1.33
HONS 471 001, 1.57
HONS 471 001, 1.57
HUMA 102 002, 1.45
HUMA 201 002, 2.62
HUMA 201 003, 1.00
HUMA 201 004, 1.41
HUMA 210 001, 1.33
HUMA 212 001, 1.63
HUMA 295 001, 1.33
HUMA 302 001, 2.20
HUMA 310 001, 2.33
HUMA 312 001, 2.00
HUMA 313 001, 1.73
HUMA 320 001, 1.60
HUMA 329 001, 1.20
HUMA 422 001, 1.67
HURC 101 001, 2.50
HURC 301 001, 1.86
HURC 302 001, 1.75
HURC 303 001, 1.71
HURC 401 001, 1.17
HURC 401 001, 1.17
HURC 402 001, 1.20
HURC 501 001, 1.00
HURC 502 001, 2.20
HURC 502 001, 2.20
HURC 601 001, 2.00
HURC 601 001, 2.00
HURC 602 001, 1.50
HURC 602 001, 1.50
HURC 603 001, 1.25
ITAL 102 001, 1.67
ITAL 102 002, 2.50
ITAL 132 001, 2.00
ITAL 132 002, 2.00
ITAL 202 001, 1.75
ITAL 232 001, 2.00
JAPA 102 001, 2.31
JAPA 102 002, 1.50
JAPA 202 001, 2.40
KECK 592 001, 2.00
KINE 120 001, 1.89
KINE 300 001, 1.70
KINE 310 001, 2.23
KINE 321 001, 2.11
KINE 323 001, 2.00
KINE 351 001, 1.19
KINE 375 001, 1.50
KINE 375 001, 1.50
KINE 412 001, 1.95
KINE 421 001, 1.18
KINE 440 001, 1.96
KINE 499 001, 1.33
KINE 499 003, 1.00
KORE 102 001, 1.73
KORE 202 001, 3.00
LASR 373 001, 1.14
LASR 374 001, 1.33
LASR 375 001, 1.75
LASR 376 001, 1.60
LATI 102 001, 1.33
LATI 313 001, 1.50
LEAD 150 001, 2.50
LEAD 150 001, 2.50
LEAD 301 001, 2.00
LEAD 321 001, 1.88
LEAD 325 001, 1.45
LEAD 335 001, 1.27
LEAD 350 001, 1.00
LEAD 350 001, 1.00
LEAD 545 001, 1.60
LING 107 001, 1.36
LING 200 001, 2.06
LING 200 002, 1.76
LING 200 003, 1.78
LING 205 001, 2.06
LING 304 001, 2.50
LING 311 001, 1.47
LING 340 001, 1.21
LING 404 001, 1.10
LING 408 001, 2.25
LING 409 001, 1.78
LING 415 001, 1.71
LING 480 008, 1.60
LING 504 001, 2.33
LING 511 001, 1.67
LING 552 001, 1.50
LING 553 001, 2.00
LING 581 003, 1.33
LING 581 009, 2.00
LING 590 001, 1.50
LING 590 002, 2.50
LING 590 004, 1.00
LING 800 008, 1.00
LPAP 100 001, 1.44
LPAP 107 001, 1.88
LPAP 109 001, 1.75
LPAP 110 001, 1.65
LPAP 116 001, 1.18
LPAP 117 001, 2.22
LPAP 118 001, 1.29
LPAP 118 002, 1.52
LPAP 120 001, 2.31
LPAP 125 001, 1.32
LPAP 125 002, 1.42
LPAP 133 001, 2.00
LPAP 138 001, 1.46
LPAP 139 001, 1.44
LPAP 144 001, 1.56
LPAP 152 001, 1.77
LPAP 155 001, 1.47
LPAP 157 001, 2.33
LPAP 161 001, 1.56
LPAP 164 001, 1.67
LPAP 166 001, 1.63
LPAP 170 001, 1.47
LPAP 170 002, 1.26
LPAP 172 001, 1.21
LPAP 175 001, 1.45
LPAP 176 001, 1.50
LPAP 178 001, 2.00
LPAP 180 001, 1.90
LPAP 182 001, 1.81
LPAP 183 001, 1.39
LPAP 186 001, 1.27
LPAP 186 002, 1.82
LPAP 187 001, 1.27
LPAP 197 001, 2.18
LPAP 198 001, 1.73
LPCR 179 001, 1.43
MATH 101 001, 3.62
MATH 102 001, 1.96
MATH 102 003, 2.34
MATH 102 004, 1.72
MATH 112 001, 3.39
MATH 211 001, 2.27
MATH 211 002, 1.61
MATH 211 003, 1.89
MATH 212 001, 2.22
MATH 212 002, 1.95
MATH 212 003, 2.64
MATH 212 004, 1.94
MATH 212 005, 1.78
MATH 222 001, 1.24
MATH 302 001, 2.04
MATH 304 001, 2.40
MATH 322 001, 2.00
MATH 356 001, 2.15
MATH 366 001, 1.67
MATH 370 001, 1.63
MATH 373 001, 1.75
MATH 382 001, 1.46
MATH 402 001, 2.00
MATH 424 001, 1.00
MATH 426 001, 1.50
MATH 427 001, 2.00
MATH 435 001, 1.77
MATH 443 001, 1.23
MATH 445 001, 2.25
MATH 464 001, 1.00
MATH 498 001, 1.93
MATH 499 001, 1.33
MATH 499 003, 1.75
MATH 516 001, 1.33
MATH 517 001, 3.17
MATH 522 001, 1.14
MATH 540 001, 1.50
MATH 541 001, 1.57
MATH 564 001, 1.00
MATH 590 001, 1.47
MATH 590 001, 1.47
MATH 591 001, 1.33
MATH 591 001, 1.33
MATH 680 001, 1.44
MATH 681 001, 1.50
MATH 681 001, 1.50
MATH 681 001, 1.50
MATH 682 001, 1.00
MATH 682 001, 1.00
MATH 683 001, 1.60
MATH 698 001, 1.67
MATH 699 001, 1.60
MATH 699 001, 1.60
MATH 699 002, 1.00
MATH 699 003, 1.00
MATH 800 001, 1.40
MDST 102 001, 1.33
MDST 120 001, 1.81
MDST 222 001, 1.81
MDST 312 001, 1.13
MDST 327 001, 1.63
MDST 364 001, 1.56
MDST 456 001, 1.88
MECH 200 001, 1.11
MECH 211 001, 2.79
MECH 308 001, 1.50
MECH 311 001, 2.39
MECH 311 002, 2.00
MECH 331 001, 2.05
MECH 331 002, 2.05
MECH 332 001, 2.75
MECH 332 002, 2.86
MECH 332 003, 2.25
MECH 332 004, 2.00
MECH 332 005, 1.43
MECH 332 006, 2.50
MECH 332 007, 2.13
MECH 332 008, 2.20
MECH 340 001, 1.38
MECH 340 002, 1.29
MECH 340 003, 1.29
MECH 340 004, 1.25
MECH 400 001, 2.18
MECH 401 001, 2.80
MECH 408 001, 1.50
MECH 408 001, 1.50
MECH 408 002, 2.00
MECH 408 002, 2.00
MECH 408 003, 2.75
MECH 408 003, 2.75
MECH 408 004, 2.25
MECH 408 005, 2.33
MECH 408 006, 2.25
MECH 408 006, 2.25
MECH 408 007, 2.00
MECH 408 007, 2.00
MECH 408 008, 2.60
MECH 408 008, 2.60
MECH 408 009, 2.33
MECH 408 010, 2.00
MECH 408 010, 2.00
MECH 408 013, 3.00
MECH 408 014, 2.00
MECH 412 001, 2.20
MECH 417 001, 2.64
MECH 420 001, 1.71
MECH 481 001, 2.25
MECH 488 001, 1.39
MECH 490 001, 1.25
MECH 490 002, 2.33
MECH 490 003, 2.33
MECH 500 001, 1.89
MECH 502 001, 1.73
MECH 517 001, 2.00
MECH 555 001, 1.33
MECH 572 001, 1.81
MECH 588 001, 1.50
MECH 593 001, 1.50
MECH 596 001, 1.50
MECH 596 001, 1.50
MECH 599 001, 2.00
MECH 606 001, 1.82
MECH 612 001, 1.00
MECH 612 003, 2.00
MECH 665 001, 1.60
MLSC 506 001, 0.00
MLSC 510 001, 1.00
MLSC 513 001, 1.25
MLSC 535 001, 1.60
MLSC 600 001, 1.20
MLSC 606 001, 1.75
MLSC 624 001, 1.22
MLSC 700 003, 1.50
MSCI 303 001, 2.55
MSCI 404 001, 3.14
MSCI 415 001, 4.00
MSCI 435 001, 1.85
MSCI 533 001, 1.50
MSCI 535 001, 1.30
MSCI 537 001, 2.25
MSCI 555 001, 1.95
MSCI 555 001, 1.95
MSCI 594 002, 1.56
MSCI 594 002, 1.56
MSCI 612 001, 1.43
MUSI 117 001, 1.69
MUSI 117 002, 1.35
MUSI 141 001, 1.33
MUSI 151 001, 1.00
MUSI 155 001, 1.50
MUSI 173 001, 1.36
MUSI 181 003, 2.00
MUSI 181 004, 1.50
MUSI 181 005, 2.00
MUSI 181 006, 2.00
MUSI 181 007, 1.33
MUSI 181 010, 1.50
MUSI 191 001, 1.00
MUSI 191 002, 1.00
MUSI 191 004, 1.00
MUSI 195 001, 1.50
MUSI 195 003, 1.00
MUSI 212 001, 3.79
MUSI 222 001, 1.81
MUSI 232 001, 1.25
MUSI 232 002, 2.14
MUSI 240 001, 2.43
MUSI 281 001, 2.25
MUSI 281 002, 1.54
MUSI 281 003, 2.50
MUSI 303 001, 2.11
MUSI 307 001, 1.86
MUSI 312 001, 1.00
MUSI 317 001, 1.47
MUSI 318 001, 1.18
MUSI 322 001, 2.36
MUSI 324 001, 1.25
MUSI 328 001, 1.30
MUSI 332 001, 1.43
MUSI 332 002, 2.00
MUSI 334 001, 1.74
MUSI 335 001, 2.23
MUSI 336 001, 1.00
MUSI 337 001, 1.04
MUSI 338 001, 2.50
MUSI 338 002, 1.00
MUSI 338 003, 1.50
MUSI 338 004, 1.40
MUSI 338 005, 1.00
MUSI 338 006, 1.20
MUSI 338 007, 1.50
MUSI 338 008, 1.00
MUSI 338 009, 1.17
MUSI 338 011, 1.50
MUSI 338 013, 1.50
MUSI 339 002, 1.00
MUSI 339 003, 1.00
MUSI 339 004, 1.33
MUSI 339 005, 2.60
MUSI 339 007, 2.50
MUSI 340 001, 1.25
MUSI 340 002, 1.50
MUSI 342 001, 1.25
MUSI 342 002, 1.20
MUSI 345 001, 1.00
MUSI 377 001, 1.20
MUSI 381 004, 1.00
MUSI 381 005, 1.50
MUSI 381 006, 1.50
MUSI 389 001, 1.50
MUSI 401 001, 1.00
MUSI 401 002, 1.00
MUSI 401 003, 1.50
MUSI 401 004, 1.00
MUSI 404 001, 1.00
MUSI 432 001, 1.42
MUSI 435 001, 1.00
MUSI 436 001, 1.88
MUSI 449 001, 1.50
MUSI 451 001, 1.00
MUSI 453 001, 1.00
MUSI 455 002, 1.00
MUSI 461 001, 1.00
MUSI 471 001, 2.00
MUSI 472 001, 1.75
MUSI 473 001, 1.00
MUSI 473 002, 1.00
MUSI 481 001, 1.00
MUSI 481 002, 1.00
MUSI 481 003, 2.00
MUSI 481 004, 1.50
MUSI 483 001, 1.67
MUSI 491 001, 1.00
MUSI 491 002, 1.09
MUSI 491 003, 1.00
MUSI 491 004, 1.20
MUSI 493 001, 1.00
MUSI 493 002, 1.00
MUSI 495 001, 1.00
MUSI 495 002, 1.00
MUSI 497 001, 1.00
MUSI 497 002, 1.00
MUSI 500 001, 1.40
MUSI 502 001, 2.83
MUSI 507 001, 1.60
MUSI 510 001, 2.00
MUSI 512 001, 2.57
MUSI 515 001, 1.57
MUSI 518 001, 1.50
MUSI 519 001, 2.67
MUSI 522 001, 1.40
MUSI 529 001, 2.00
MUSI 531 001, 2.18
MUSI 531 002, 1.20
MUSI 531 003, 1.50
MUSI 531 004, 1.00
MUSI 531 005, 1.15
MUSI 531 006, 1.92
MUSI 531 006, 1.92
MUSI 531 007, 2.67
MUSI 531 008, 1.00
MUSI 570 001, 2.33
MUSI 571 001, 1.33
MUSI 571 002, 1.00
MUSI 571 003, 1.00
MUSI 572 001, 1.50
MUSI 576 001, 1.22
MUSI 578 001, 1.40
MUSI 584 001, 1.00
MUSI 585 001, 1.45
MUSI 587 001, 1.40
MUSI 599 001, 1.50
MUSI 601 001, 1.50
MUSI 601 002, 1.00
MUSI 601 003, 3.00
MUSI 603 001, 1.67
MUSI 606 001, 2.00
MUSI 608 001, 2.20
MUSI 613 001, 1.30
MUSI 617 001, 1.70
MUSI 620 001, 2.00
MUSI 623 001, 1.70
MUSI 629 001, 1.82
MUSI 635 001, 1.24
MUSI 636 001, 1.00
MUSI 636 002, 2.50
MUSI 636 003, 2.50
MUSI 636 004, 1.00
MUSI 636 005, 1.43
MUSI 636 007, 2.50
MUSI 636 008, 1.00
MUSI 636 009, 2.00
MUSI 636 010, 1.00
MUSI 636 011, 1.00
MUSI 636 012, 0.00
MUSI 636 013, 1.00
MUSI 636 014, 1.43
MUSI 636 016, 2.25
MUSI 636 019, 1.75
MUSI 636 020, 1.80
MUSI 636 021, 1.20
MUSI 636 022, 1.33
MUSI 636 023, 1.00
MUSI 640 001, 1.50
MUSI 642 001, 1.86
MUSI 645 001, 1.00
MUSI 649 001, 1.91
MUSI 651 001, 1.00
MUSI 653 001, 1.00
MUSI 655 001, 2.00
MUSI 656 001, 1.00
MUSI 661 001, 1.00
MUSI 663 001, 2.00
MUSI 665 001, 1.50
MUSI 667 001, 1.00
MUSI 671 002, 2.25
MUSI 673 001, 1.00
MUSI 673 002, 1.00
MUSI 681 001, 2.67
MUSI 681 002, 1.00
MUSI 681 003, 2.00
MUSI 683 001, 1.00
MUSI 687 001, 1.00
MUSI 689 001, 1.00
MUSI 689 001, 1.00
MUSI 690 001, 1.00
MUSI 691 001, 1.00
MUSI 691 002, 1.00
MUSI 691 003, 1.50
MUSI 691 004, 1.33
MUSI 693 001, 1.50
MUSI 693 002, 1.00
MUSI 695 001, 1.00
MUSI 695 002, 1.00
MUSI 695 003, 1.00
MUSI 697 002, 1.00
MUSI 698 001, 1.00
MUSI 711 001, 1.86
MUSI 721 001, 1.18
MUSI 723 001, 1.86
MUSI 735 001, 2.75
NAVA 201 001, 2.00
NAVA 202 001, 1.75
NAVA 301 001, 1.89
NAVA 402 001, 1.67
NEUR 380 001, 2.20
NEUR 416 001, 2.22
NEUR 416 001, 2.22
NEUR 485 001, 1.20
NSCI 281 001, 1.61
NSCI 281 001, 1.61
NSCI 501 001, 1.70
NSCI 510 001, 2.33
NSCI 511 001, 2.31
NSCI 511 001, 2.31
NSCI 512 001, 1.64
NSCI 521 001, 1.73
NSCI 521 001, 1.73
NSCI 610 001, 1.53
NSCI 610 001, 1.53
PHIL 106 001, 2.17
PHIL 109 001, 1.41
PHIL 116 001, 2.38
PHIL 202 001, 1.66
PHIL 306 001, 1.82
PHIL 307 001, 1.73
PHIL 308 001, 1.67
PHIL 311 001, 1.52
PHIL 312 001, 1.79
PHIL 316 001, 1.54
PHIL 319 001, 2.14
PHIL 319 001, 2.14
PHIL 319 001, 2.14
PHIL 336 001, 1.32
PHIL 357 001, 1.00
PHIL 501 001, 1.00
PHIL 502 001, 1.50
PHIL 506 001, 1.50
PHIL 507 001, 1.14
PHIL 512 001, 1.50
PHIL 599 001, 1.20
PHIL 702 001, 1.00
PHIL 800 001, 1.11
PHYS 102 001, 2.51
PHYS 102 001, 2.51
PHYS 102 001, 2.51
PHYS 102 001, 2.51
PHYS 102 002, 2.34
PHYS 102 002, 2.34
PHYS 102 002, 2.34
PHYS 102 002, 2.34
PHYS 112 001, 1.43
PHYS 126 001, 3.27
PHYS 126 001, 3.27
PHYS 143 001, 2.00
PHYS 202 001, 1.76
PHYS 302 001, 2.92
PHYS 312 001, 1.38
PHYS 331 001, 2.67
PHYS 332 001, 2.44
PHYS 355 001, 3.00
PHYS 401 001, 2.00
PHYS 412 001, 2.47
PHYS 416 001, 1.57
PHYS 492 001, 1.94
PHYS 494 001, 2.47
PHYS 517 001, 1.75
PHYS 522 001, 1.83
PHYS 526 001, 2.42
PHYS 532 001, 1.29
PHYS 534 001, 1.64
PHYS 535 001, 1.30
PHYS 538 001, 2.00
PHYS 541 001, 1.50
PHYS 543 001, 1.33
PHYS 564 001, 1.00
PHYS 568 001, 2.00
PHYS 569 001, 1.25
PHYS 600 001, 1.00
PHYS 600 002, 1.33
PHYS 600 003, 1.00
PHYS 610 001, 1.60
PHYS 664 001, 2.00
POLI 210 001, 2.81
POLI 211 001, 2.15
POLI 212 001, 2.51
POLI 301 001, 1.61
POLI 321 001, 1.88
POLI 334 001, 1.89
POLI 348 001, 2.64
POLI 349 001, 2.10
POLI 375 001, 2.43
POLI 378 001, 1.72
POLI 395 001, 3.00
POLI 395 002, 2.54
POLI 406 001, 1.50
POLI 417 001, 1.73
POLI 429 001, 1.36
POLI 433 001, 1.44
POLI 462 001, 1.10
POLI 464 001, 2.48
POLI 472 001, 2.00
POLI 477 001, 3.25
POLI 480 001, 1.44
POLI 501 001, 1.60
POLI 505 001, 1.38
POLI 507 001, 1.75
POLI 511 001, 1.50
POLI 530 001, 1.40
POLI 568 001, 1.63
POLI 581 001, 1.00
POLI 599 001, 1.67
POLI 800 001, 1.40
PORT 102 001, 1.57
PORT 105 001, 1.11
PORT 202 001, 1.00
POST 201 001, 2.16
POST 300 002, 2.60
POST 350 001, 1.33
POST 355 001, 2.00
POST 356 001, 1.50
POST 359 001, 2.17
POST 455 001, 1.27
POST 455 001, 1.27
POST 499 001, 1.00
PSYC 101 001, 1.81
PSYC 101 002, 1.62
PSYC 101 003, 1.75
PSYC 202 001, 1.50
PSYC 203 001, 1.64
PSYC 203 002, 1.60
PSYC 231 001, 2.69
PSYC 308 001, 2.00
PSYC 321 001, 1.78
PSYC 332 001, 1.83
PSYC 332 002, 1.88
PSYC 338 001, 2.92
PSYC 338 002, 2.21
PSYC 338 003, 3.31
PSYC 339 001, 3.41
PSYC 340 001, 1.62
PSYC 340 002, 2.07
PSYC 340 003, 1.92
PSYC 342 001, 1.50
PSYC 353 001, 1.55
PSYC 362 001, 1.92
PSYC 380 001, 2.20
PSYC 430 001, 1.57
PSYC 480 001, 1.00
PSYC 485 001, 1.25
PSYC 485 003, 1.75
PSYC 485 004, 2.00
PSYC 485 005, 1.00
PSYC 485 006, 1.75
PSYC 485 007, 1.86
PSYC 485 010, 1.00
PSYC 485 011, 1.00
PSYC 485 014, 1.50
PSYC 485 015, 1.00
PSYC 485 016, 1.71
PSYC 485 017, 2.00
PSYC 499 001, 2.00
PSYC 503 001, 1.50
PSYC 520 001, 1.17
PSYC 529 001, 1.90
PSYC 531 001, 1.57
PSYC 533 001, 1.40
PSYC 543 001, 1.50
PSYC 561 001, 1.50
PSYC 571 001, 1.25
PSYC 572 001, 1.67
PSYC 573 001, 1.60
PSYC 581 001, 1.80
PSYC 601 001, 1.64
PSYC 636 001, 1.00
PSYC 640 001, 1.50
PSYC 665 001, 1.00
PSYC 700 001, 1.50
PSYC 800 001, 1.50
RELI 110 001, 1.43
RELI 131 001, 2.00
RELI 171 001, 1.50
RELI 260 A02, 1.25
RELI 287 001, 1.50
RELI 315 001, 2.50
RELI 321 001, 1.00
RELI 322 001, 2.00
RELI 325 001, 1.50
RELI 325 001, 1.50
RELI 326 001, 1.64
RELI 326 001, 1.64
RELI 334 001, 1.37
RELI 336 A02, 1.46
RELI 339 001, 1.00
RELI 344 001, 1.07
RELI 345 004, 1.75
RELI 349 001, 1.67
RELI 387 001, 1.60
RELI 399 001, 1.48
RELI 399 001, 1.48
RELI 400 001, 1.50
RELI 402 008, 2.00
RELI 426 001, 1.83
RELI 428 001, 1.00
RELI 440 001, 1.67
RELI 442 001, 1.00
RELI 508 001, 1.00
RELI 508 001, 1.00
RELI 524 001, 2.00
RELI 524 005, 1.00
RELI 524 008, 1.00
RELI 530 001, 1.00
RELI 532 001, 1.33
RELI 545 001, 1.20
RELI 559 001, 1.27
RELI 587 001, 1.33
RELI 597 001, 2.00
RELI 597 001, 2.00
RELI 800 001, 1.50
RUSS 102 001, 1.09
RUSS 202 001, 1.13
RUSS 450 001, 1.50
SMGT 260 001, 2.41
SMGT 276 001, 1.72
SMGT 350 001, 1.67
SMGT 360 001, 2.00
SMGT 361 001, 1.67
SMGT 362 001, 1.53
SMGT 364 001, 1.70
SMGT 366 001, 2.16
SMGT 376 001, 1.50
SMGT 377 001, 1.57
SMGT 378 001, 1.50
SMGT 379 001, 1.00
SMGT 430 001, 1.71
SMGT 466 001, 1.86
SMGT 495 001, 1.50
SMGT 499 003, 1.00
SOCI 101 001, 2.03
SOCI 101 002, 1.42
SOCI 306 001, 1.49
SOCI 319 001, 2.00
SOCI 325 001, 1.19
SOCI 328 002, 1.60
SOCI 328 003, 1.00
SOCI 337 001, 1.38
SOCI 341 001, 1.50
SOCI 347 001, 2.35
SOCI 348 001, 1.71
SOCI 367 001, 1.73
SOCI 382 001, 1.93
SOCI 402 001, 2.00
SOCI 404 002, 1.50
SOCI 404 003, 1.00
SOCI 406 001, 2.33
SOCI 408 001, 1.00
SOCI 436 001, 1.50
SOCI 470 001, 2.20
SOCI 492 009, 1.50
SOCI 501 001, 1.33
SOCI 502 001, 1.67
SOCI 541 001, 1.55
SOCI 582 001, 2.10
SOCI 603 001, 1.83
SOCI 603 001, 1.83
SOSC 400 001, 1.45
SOSC 421 001, 1.86
SOSC 422 001, 2.00
SOSC 424 001, 1.25
SPAN 101 001, 1.33
SPAN 101 002, 1.50
SPAN 101 003, 1.50
SPAN 102 001, 1.75
SPAN 102 002, 1.36
SPAN 102 003, 2.00
SPAN 105 001, 1.43
SPAN 131 001, 1.50
SPAN 131 002, 1.88
SPAN 131 003, 1.31
SPAN 132 001, 2.00
SPAN 132 002, 1.36
SPAN 132 003, 2.00
SPAN 135 001, 1.33
SPAN 201 001, 1.44
SPAN 201 002, 2.27
SPAN 201 003, 1.79
SPAN 202 001, 1.67
SPAN 202 002, 1.79
SPAN 202 003, 1.09
SPAN 204 001, 1.80
SPAN 231 001, 1.32
SPAN 231 002, 1.91
SPAN 231 003, 2.44
SPAN 232 001, 3.00
SPAN 232 002, 2.00
SPAN 232 003, 1.59
SPAN 301 001, 1.69
SPAN 301 002, 1.67
SPAN 302 001, 1.64
SPAN 302 002, 1.65
SPAN 303 001, 1.93
SPAN 304 001, 1.44
SPAN 306 001, 1.36
SPAN 308 001, 1.07
SPAN 308 002, 1.33
SPAN 309 001, 1.64
SPAN 311 001, 1.18
SPAN 316 001, 1.43
SPAN 373 001, 2.25
SPAN 383 001, 1.67
SPAN 389 001, 1.75
SPAN 392 001, 1.06
SPAN 392 001, 1.06
SPAN 397 001, 1.50
SPAN 408 001, 1.50
SPAN 456 001, 1.50
SPAN 490 001, 1.00
STAT 280 A01, 1.87
STAT 280 A02, 2.30
STAT 280 A03, 2.00
STAT 280 A04, 2.10
STAT 280 A05, 2.00
STAT 280 A06, 2.35
STAT 280 B01, 1.66
STAT 305 001, 1.78
STAT 305 002, 1.82
STAT 310 001, 2.41
STAT 313 001, 2.00
STAT 331 001, 1.83
STAT 385 001, 2.75
STAT 385 002, 2.75
STAT 400 001, 3.80
STAT 405 001, 1.64
STAT 411 001, 1.75
STAT 422 001, 3.75
STAT 423 001, 3.33
STAT 440 001, 2.15
STAT 449 001, 2.53
STAT 450 001, 2.25
STAT 453 001, 3.00
STAT 453 001, 3.00
STAT 485 001, 1.00
STAT 486 001, 2.33
STAT 491 001, 1.50
STAT 498 001, 1.93
STAT 502 001, 2.44
STAT 510 001, 1.50
STAT 532 001, 1.75
STAT 547 001, 2.17
STAT 547 001, 2.17
STAT 550 001, 1.53
STAT 552 001, 1.70
STAT 553 001, 2.08
STAT 553 001, 2.08
STAT 582 002, 1.33
STAT 591 001, 1.17
STAT 600 001, 1.89
STAT 601 001, 2.00
STAT 606 001, 2.00
STAT 610 001, 1.46
STAT 622 001, 2.00
STAT 623 001, 1.78
STAT 639 001, 1.67
STAT 649 001, 1.88
STAT 685 001, 1.50
STAT 686 001, 1.50
STAT 698 001, 1.67
STAT 800 001, 1.36
SWGS 201 001, 1.32
SWGS 205 001, 2.06
SWGS 235 001, 2.12
SWGS 315 001, 2.50
SWGS 319 001, 2.14
SWGS 319 001, 2.14
SWGS 319 001, 2.14
SWGS 322 001, 1.88
SWGS 322 002, 2.36
SWGS 324 001, 1.49
SWGS 343 001, 1.55
SWGS 373 001, 1.14
SWGS 374 001, 1.33
SWGS 375 001, 1.75
SWGS 376 001, 1.60
SWGS 384 001, 2.17
SWGS 398 001, 1.52
SWGS 415 001, 1.71
SWGS 466 001, 1.50
SWGS 496 001, 1.36
SWGS 497 001, 1.36
SWGS 499 001, 1.00
SWGS 501 001, 2.13
SWGS 546 001, 2.33
SWGS 583 001, 1.40
THEA 102 001, 1.30
THEA 103 001, 1.80
THEA 304 001, 1.33
THEA 305 001, 1.40
THEA 312 001, 1.58
THEA 323 001, 1.47
THEA 324 001, 1.55
THEA 331 001, 1.38
THEA 331 001, 1.38
THEA 332 001, 1.75
TIBT 131 001, 2.00
UNIV 101 001, 2.50
UNIV 110 001, 2.11
UNIV 110 002, 1.42
UNIV 110 003, 1.71
UNIV 201 001, 1.92
UNIV 250 001, 1.19
UNIV 275 001, 1.67
UNIV 299 001, 1.95
UNIV 301 001, 1.33
UNIV 312 001, 1.27
UNIV 312 001, 1.27
UNIV 320 001, 1.33
